  runoff  
           0.000
           0.000
           0.000
           0.000
           0.000
           0.000
           0.000
           0.000
           0.000
           0.000
           0.000
           0.000
           0.000
           0.023
           0.023
           0.019
           0.016
           0.014
           0.012
           0.011
           0.010
           0.009
           0.008
           0.007
           0.007
           0.006
           0.006
           0.005
           0.005
           0.008
           0.008
           0.007
           0.006
           0.006
           0.005
           0.005
           0.004
           0.004
           0.003
           0.003
           0.003
           0.003
           0.003
           0.002
           0.002
           0.002
           0.002
           0.012
           0.013
           0.010
           0.009
           0.007
           0.007
           0.006
           0.005
           0.005
           0.004
           0.004
           0.004
           0.003
           0.003
           0.045
           0.055
           0.046
           0.038
           0.032
           0.027
           0.024
           0.021
           0.019
           0.016
           0.015
           0.014
           0.013
           0.012
           0.011
           0.010
           0.010
           0.009
           0.009
           0.008
           0.007
           0.022
           0.050
           0.047
           0.121
           0.119
           0.096
           0.079
           0.134
           0.212
           0.197
           0.162
           0.136
           0.115
           0.101
           0.090
           0.080
           0.071
           0.064
           0.059
           0.055
           0.051
           0.047
           0.044
           0.064
           0.062
           0.054
           0.048
           0.137
           0.331
           0.317
           0.254
           0.208
           0.175
           0.150
           0.132
           0.289
           0.333
           0.284
           0.237
           0.278
           0.256
           0.218
           0.189
           0.165
           0.144
           0.130
           0.119
           0.109
           0.099
           0.137
           0.138
           0.197
           0.187
           0.157
           0.135
           0.158
           0.148
           0.126
           0.110
           0.097
           0.086
           0.078
           0.072
           0.280
           0.527
           0.486
           0.387
           0.316
           0.264
           0.226
           0.197
           0.172
           0.148
           0.131
           0.122
           0.113
           0.104
           0.097
           0.090
           0.083
           0.077
           0.452
           0.478
           0.375
           1.580
           1.659
           1.264
           1.337
           1.167
           0.936
           0.768
           0.654
           1.005
           1.335
           1.288
           1.080
           1.188
           1.082
           0.964
           0.842
           0.729
           1.345
           1.325
           1.519
           1.381
           1.152
           0.987
           1.107
           1.155
           1.111
           1.082
           0.962
           0.838
           0.745
           0.722
           0.679
           0.608
           0.547
           0.496
           1.211
           1.227
           1.090
           1.502
           4.380
           4.573
           3.408
           2.977
           3.736
           3.320
           2.692
           2.232
           1.842
           1.534
           1.378
           1.244
           2.080
           2.493
           2.230
           1.909
           1.664
           1.472
           1.318
           1.191
           1.074
           0.966
           1.133
           1.279
           1.175
           1.036
           0.926
           0.835
           0.758
           0.693
           0.633
           1.305
           1.383
           2.648
           2.759
           2.273
           1.879
           1.590
           1.373
           1.313
           1.176
           1.031
           0.905
           0.948
           1.398
           1.340
           1.154
           1.046
           0.940
           0.841
           0.758
           0.688
           0.622
           0.565
           0.522
           0.483
           0.447
           0.414
           0.384
           0.356
           0.330
           0.306
           0.284
           0.263
           0.244
           0.226
           0.209
           0.194
           0.180
           0.167
           0.155
           0.143
           0.133
           0.137
           0.129
           0.117
           0.207
           0.205
           0.463
           0.459
           0.371
           0.307
           0.260
           0.283
           0.259
           0.222
           0.192
           0.377
           0.648
           0.602
           0.490
           0.408
           0.347
           0.302
           0.266
           0.236
           0.207
           0.185
           0.172
           0.159
           0.148
           0.137
           0.127
           0.118
           0.109
           0.101
           0.204
           0.205
           0.172
           0.147
           0.128
           0.113
           0.101
           0.092
           0.082
           0.073
           0.068
           0.063
           0.059
           0.054
           0.050
           0.047
           0.043
           0.040
           0.037
           0.034
           0.032
           0.030
           0.027
           0.025
           0.024
           0.022
           0.020
           0.019
           0.017
           0.016
           0.015
           0.014
           0.013
           0.012
           0.011
           0.010
           0.009
           0.009
           0.008
           0.008
           0.007
           0.006
           0.006
           0.006
           0.005
           0.005
           0.004
           0.004
           0.004
           0.004
           0.003
           0.003
           0.003
           0.031
           0.040
           0.033
           0.027
           0.022
           0.018
           0.015
           0.013
           0.011
           0.010
           0.047
           0.049
           0.039
           0.032
           0.026
           0.023
           0.020
           0.017
           0.015
           0.013
           0.012
           0.011
           0.010
           0.010
           0.009
           0.008
           0.008
           0.007
           0.007
           0.006
           0.006
           0.005
           0.005
           0.004
           0.004
           0.004
           0.004
           0.003
           0.003
           0.003
           0.003
           0.002
           0.002
           0.002
           0.002
           0.002
           0.002
           0.002
           0.001
           0.001
           0.001
           0.001
           0.001
           0.001
           0.001
           0.001
           0.001
           0.001
           0.001
           0.001
           0.001
           0.001
           0.000
           0.000
           0.000
           0.000
           0.000
           0.000
           0.048
           0.081
           0.071
           0.055
           0.044
           0.036
           0.030
           0.025
           0.022
           0.018
           0.016
           0.015
           0.203
           0.218
           0.168
           0.133
           0.201
           0.220
           0.185
           0.228
           0.208
           0.166
           0.140
           0.120
           0.104
           0.090
           0.081
           0.073
           0.066
           0.061
           0.056
           0.052
           0.048
           0.052
           0.049
           0.044
           0.040
           0.127
           0.216
           0.197
           0.156
           0.126
           0.105
           0.101
           0.091
           0.077
           0.065
           0.057
           0.053
           0.048
           0.044
           0.041
           0.125
           0.130
           0.104
           0.086
           0.159
           0.157
           0.236
           0.224
           0.177
           0.143
           0.121
           0.104
           0.089
           0.078
           0.069
           0.061
           0.057
           0.052
           0.049
           0.045
           0.042
           0.039
           0.036
           0.239
           0.256
           0.198
           0.157
           0.195
           0.180
           0.147
           0.122
           0.371
           0.527
           0.459
           0.361
           0.397
           0.356
           0.292
           0.245
           0.207
           0.365
           0.362
           0.360
           0.317
           0.369
           0.346
           0.289
           0.245
           0.209
           0.181
           0.161
           0.145
           0.560
           0.588
           0.463
           0.374
           0.310
           0.264
           0.248
           0.222
           0.189
           0.161
           0.148
           0.152
           0.144
           0.367
           0.558
           0.499
           0.396
           0.324
           0.271
           0.231
           0.201
           0.175
           0.324
           0.325
           0.268
           0.476
           0.598
           0.570
           0.561
           1.158
           1.130
           0.883
           0.736
           0.612
           0.511
           0.438
           0.785
           0.770
           0.619
           0.523
           0.575
           0.531
           0.453
           0.395
           0.776
           0.773
           0.630
           0.526
           0.748
           0.716
           0.590
           0.498
           0.881
           1.613
           1.518
           1.203
           0.976
           0.809
           0.692
           0.603
           0.528
           0.455
           0.402
           0.373
           0.830
           0.851
           0.776
           1.040
           0.969
           0.790
           0.661
           0.565
           0.596
           0.542
           0.470
           0.409
           0.359
           0.327
           0.299
           0.274
           0.620
           0.679
           0.602
           0.508
           0.426
           0.366
           0.319
           0.283
           0.249
           0.218
           0.200
           0.184
           0.171
           0.158
           0.164
           0.155
           0.140
           0.128
           0.117
           0.107
           0.099
           0.091
           0.084
           0.240
           0.250
           0.200
           0.164
           0.138
           0.119
           0.104
           0.125
           0.122
           0.141
           0.132
           0.111
           0.096
           0.084
           0.074
           0.066
           0.059
           0.054
           0.262
           0.280
           0.217
           0.173
           0.142
           0.119
           0.102
           0.089
           0.076
           0.065
           0.060
           0.056
           0.052
           0.048
           0.044
           0.041
           0.038
           0.035
           0.033
           0.030
           0.028
           0.026
           0.024
           0.022
           0.021
           0.019
           0.018
           0.017
           0.015
           0.014
           0.013
           0.012
           0.011
           0.010
           0.010
           0.009
           0.008
           0.008
           0.007
           0.007
           0.006
           0.006
           0.005
           0.005
           0.005
           0.004
           0.004
           0.004
           0.003
           0.003
           0.107
           0.120
           0.091
           0.070
           0.056
           0.045
           0.038
           0.032
           0.027
           0.022
           0.020
           0.018
           0.017
           0.016
           0.015
           0.042
           0.044
           0.035
           0.029
           0.024
           0.021
           0.018
           0.016
           0.014
           0.012
           0.011
           0.010
           0.010
           0.009
           0.008
           0.008
           0.007
           0.007
           0.006
           0.006
           0.005
           0.005
           0.005
           0.004
           0.004
           0.004
           0.003
           0.003
           0.003
           0.003
           0.002
           0.002
           0.002
           0.002
           0.002
           0.002
           0.002
           0.001
           0.001
           0.001
           0.011
           0.012
           0.009
           0.007
           0.006
           0.005
           0.004
           0.003
           0.003
           0.002
           0.002
           0.002
           0.002
           0.002
           0.002
           0.002
           0.001
           0.001
           0.001
           0.001
           0.001
           0.001
           0.001
           0.001
           0.001
           0.001
           0.001
           0.001
           0.001
           0.001
           0.009
           0.009
           0.007
           0.006
           0.004
           0.004
           0.003
           0.003
           0.002
           0.002
           0.002
           0.002
           0.063
           0.069
           0.052
           0.040
           0.031
           0.026
           0.021
           0.018
           0.015
           0.012
           0.011
           0.010
           0.010
           0.009
           0.008
           0.122
           0.145
           0.113
           0.087
           0.069
           0.056
           0.047
           0.040
           0.034
           0.067
           0.101
           0.091
           0.073
           0.060
           0.050
           0.043
           0.038
           0.033
           0.028
           0.025
           0.023
           0.022
           0.020
           0.019
           0.017
           0.016
           0.015
           0.014
           0.013
           0.012
           0.011
           0.010
           0.009
           0.009
           0.115
           0.233
           0.359
           0.323
           0.246
           0.260
           0.229
           0.183
           0.206
           0.185
           0.149
           0.124
           0.108
           0.095
           0.084
           0.076
           0.069
           0.062
           0.058
           0.053
           0.049
           0.046
           0.043
           0.039
           0.131
           0.138
           0.109
           0.236
           0.369
           0.589
           0.541
           0.417
           0.329
           0.369
           0.336
           0.273
           0.224
           0.187
           0.160
           0.144
           0.131
           0.118
           0.106
           0.099
           0.150
           0.407
           0.410
           0.855
           0.954
           0.771
           0.606
           0.489
           0.485
           0.427
           0.354
           0.299
           0.252
           0.226
           0.206
           0.189
           0.173
           0.158
           0.146
           0.136
           0.569
           2.541
           2.696
           1.948
           1.439
           1.090
           0.848
           1.642
           1.598
           1.217
           0.940
           0.793
           0.792
           0.717
           0.722
           0.645
           0.545
           0.488
           0.460
           0.688
           0.671
           0.565
           0.487
           0.426
           0.380
           0.342
           1.106
           1.147
           0.908
           0.742
           0.646
           0.559
           0.485
           0.427
           0.371
           0.638
           0.842
           0.824
           0.697
           0.580
           0.494
           0.662
           0.634
           0.614
           1.260
           1.274
           1.024
           0.837
           0.701
           0.598
           0.561
           0.541
           0.476
           0.482
           0.450
           0.509
           0.477
           0.413
           0.362
           0.322
           0.289
           0.262
           0.238
           0.218
           0.199
           0.184
           0.171
           0.688
           0.741
           0.615
           0.504
           0.414
           0.348
           0.299
           0.622
           0.755
           0.636
           0.516
           0.497
           0.441
           0.524
           0.487
           0.403
           0.337
           0.293
           0.262
           0.235
           0.212
           0.192
           0.174
           0.161
           0.231
           0.228
           0.195
           0.170
           0.151
           0.135
           0.122
           0.126
           0.119
           0.105
           0.095
           0.086
           0.079
           0.073
           0.067
           0.474
           0.582
           0.471
           0.368
           0.296
           0.244
           0.206
           0.178
           0.151
           0.126
           0.115
           0.106
           0.099
           0.091
           0.085
           0.079
           0.073
           0.179
           0.185
           0.149
           0.124
           0.105
           0.091
           0.080
           0.071
           0.063
           0.055
           0.051
           0.047
           0.044
           0.040
           0.037
           0.035
           0.032
           0.030
           0.028
           0.026
           0.024
           0.022
           0.020
           0.019
           0.018
           0.016
           0.015
           0.014
           0.013
           0.012
           0.011
           0.010
           0.032
           0.033
           0.026
           0.022
           0.018
           0.015
           0.013
           0.012
           0.010
           0.009
           0.008
           0.008
           0.007
           0.007
           0.006
           0.006
           0.005
           0.005
           0.005
           0.004
           0.004
           0.004
           0.003
           0.003
           0.003
           0.003
           0.002
           0.002
           0.028
           0.030
           0.031
           0.027
           0.028
           0.044
           0.041
           0.032
           0.025
           0.020
           0.017
           0.015
           0.013
           0.011
           0.010
           0.009
           0.009
           0.011
           0.011
           0.009
           0.008
           0.007
           0.007
           0.006
           0.006
           0.005
           0.005
           0.004
           0.004
           0.004
           0.003
           0.003
           0.003
           0.003
           0.003
           0.002
           0.002
           0.002
           0.002
           0.002
           0.002
           0.001
           0.001
           0.001
           0.001
           0.001
           0.001
           0.013
           0.015
           0.011
           0.009
           0.007
           0.006
           0.005
           0.004
           0.003
           0.003
           0.003
           0.002
           0.002
           0.002
           0.002
           0.002
           0.002
           0.002
           0.001
           0.001
           0.001
           0.020
           0.022
           0.076
           0.109
           0.093
           0.071
           0.055
           0.045
           0.037
           0.031
           0.026
           0.021
           0.019
           0.105
           0.164
           0.143
           0.111
           0.088
           0.072
           0.060
           0.052
           0.044
           0.037
           0.032
           0.030
           0.028
           0.026
           0.024
           0.028
           0.049
           0.053
           0.045
           0.037
           0.031
           0.027
           0.024
           0.021
           0.019
           0.017
           0.015
           0.014
           0.013
           0.012
           0.011
           0.010
           0.010
           0.009
           0.008
           0.008
           0.007
           0.007
           0.006
           0.006
           0.005
           0.005
           0.005
           0.004
           0.128
           0.140
           0.145
           0.210
           0.423
           0.404
           0.309
           0.242
           0.194
           0.205
           0.185
           0.153
           0.126
           0.106
           0.138
           0.134
           0.114
           0.099
           0.086
           0.090
           0.104
           0.096
           0.082
           0.302
           0.318
           0.247
           0.197
           0.161
           0.134
           0.115
           0.185
           0.745
           1.771
           1.693
           1.287
           1.004
           0.834
           0.694
           0.616
           0.528
           0.434
           0.665
           0.662
           0.554
           0.624
           0.576
           0.655
           0.944
           1.208
           1.071
           0.861
           0.720
           0.612
           0.532
           0.635
           0.610
           0.517
           0.446
           0.397
           0.357
           0.324
           0.574
           1.308
           1.640
           1.405
           1.493
           1.543
           1.317
           1.084
           1.143
           1.214
           1.254
           1.743
           1.621
           1.329
           1.121
           0.970
           0.849
           0.773
           2.542
           2.702
           2.061
           1.626
           1.318
           1.096
           1.071
           1.246
           1.108
           0.954
           0.850
           0.751
           1.162
           1.657
           1.557
           1.754
           2.000
           2.001
           1.869
           1.611
           1.895
           1.756
           1.496
           1.298
           1.176
           1.914
           1.856
           1.864
           1.664
           1.610
           1.845
           1.689
           1.461
           1.275
           1.125
           1.014
           0.920
           0.841
           0.767
           1.289
           1.319
           1.139
           0.990
           0.873
           0.780
           0.704
           0.639
           0.578
           0.522
           0.693
           0.672
           0.589
           0.524
           0.471
           0.443
           0.406
           0.369
           0.336
           0.305
           0.282
           0.261
           0.242
           0.223
           0.207
           0.443
           0.447
           0.373
           0.587
           0.612
           0.517
           0.434
           0.372
           0.321
           0.281
           0.253
           0.367
           0.385
           0.337
           0.291
           0.256
           0.228
           0.205
           0.186
           0.168
           0.152
           0.140
           0.347
           0.354
           0.396
           0.438
           0.384
           0.320
           0.272
           0.237
           0.206
           0.181
           0.163
           0.147
           0.134
           0.124
           0.115
           0.107
           0.099
           0.092
           0.085
           0.079
           0.073
           0.068
           0.063
           0.058
           0.054
           0.050
           0.046
           0.043
           0.040
           0.061
           0.060
           0.052
           0.045
           0.040
           0.036
           0.032
           0.029
           0.027
           0.024
           0.022
           0.021
           0.019
           0.018
           0.017
           0.015
           0.014
           0.013
           0.012
           0.011
           0.010
           0.010
           0.009
           0.008
           0.008
           0.007
           0.007
           0.006
           0.006
           0.005
           0.005
           0.005
           0.004
           0.004
           0.004
           0.003
           0.003
           0.003
           0.003
           0.002
           0.002
           0.002
           0.002
           0.002
           0.002
           0.002
           0.001
           0.001
           0.001
           0.001
           0.001
           0.001
           0.001
           0.001
           0.001
           0.001
           0.001
           0.001
           0.001
           0.001
           0.001
           0.000
           0.000
           0.000
           0.000
           0.000
           0.000
           0.000
           0.000
           0.000
           0.000
           0.000
           0.012
           0.013
           0.010
           0.008
           0.006
           0.005
           0.004
           0.004
           0.003
           0.003
           0.038
           0.041
           0.031
           0.121
           0.179
           0.155
           0.121
           0.097
           0.079
           0.066
           0.057
           0.049
           0.047
           0.043
           0.039
           0.035
           0.032
           0.030
           0.027
           0.025
           0.093
           0.097
           0.077
           0.063
           0.053
           0.045
           0.039
           0.035
           0.030
           0.026
           0.024
           0.023
           0.021
           0.019
           0.018
           0.017
           0.015
           0.014
           0.082
           0.087
           0.068
           0.054
           0.045
           0.038
           0.032
           0.095
           0.097
           0.075
           0.094
           0.087
           0.071
           0.059
           0.051
           0.043
           0.037
           0.034
           0.030
           0.027
           0.025
           0.023
           0.022
           0.020
           0.019
           0.017
           0.016
           0.015
           0.014
           0.013
           0.012
           0.011
           0.010
           0.009
           0.009
           0.067
           0.072
           0.056
           0.044
           0.036
           0.030
           0.025
           0.022
           0.298
           0.321
           0.244
           0.191
           0.153
           0.126
           0.106
           0.092
           0.077
           0.063
           0.059
           0.229
           0.241
           0.190
           0.154
           0.127
           0.108
           0.094
           0.082
           0.071
           0.133
           0.238
           0.224
           0.178
           0.146
           0.122
           0.105
           0.125
           0.116
           0.096
           0.108
           0.101
           0.114
           0.106
           0.520
           0.586
           0.461
           0.362
           0.292
           0.241
           0.204
           0.176
           0.354
           0.728
           0.698
           0.547
           0.441
           0.629
           0.944
           0.953
           0.827
           0.707
           0.586
           0.494
           0.425
           0.369
           0.365
           0.611
           1.138
           1.120
           0.902
           1.067
           0.976
           1.063
           1.770
           2.412
           2.647
           2.257
           1.833
           2.179
           1.995
           1.664
           1.408
           1.206
           1.055
           0.944
           1.586
           1.562
           1.308
           1.130
           1.107
           1.007
           0.889
           0.999
           1.597
           1.735
           1.647
           1.487
           1.276
           1.097
           0.962
           0.911
           0.818
           0.722
           0.652
           0.595
           0.547
           0.505
           0.467
           0.431
           0.398
           0.473
           0.758
           0.731
           0.611
           0.522
           0.454
           0.401
           0.359
           1.644
           1.961
           1.561
           1.225
           1.354
           1.212
           0.995
           0.837
           0.700
           0.585
           0.525
           0.478
           0.433
           0.393
           0.665
           0.923
           0.841
           0.697
           0.590
           0.596
           0.549
           0.478
           0.417
           0.364
           0.326
           0.449
           0.838
           0.919
           0.776
           0.639
           0.539
           0.464
           0.407
           0.360
           0.316
           0.289
           0.360
           0.347
           0.303
           0.269
           0.241
           0.218
           0.199
           0.182
           0.165
           0.151
           0.140
           0.130
           0.120
           0.111
           0.103
           0.096
           0.089
           0.082
           0.076
           0.071
           0.066
           0.061
           0.056
           0.090
           0.090
           0.076
           0.066
           0.058
           0.052
           0.046
           0.042
           0.038
           0.034
           0.032
           0.029
           0.027
           0.025
           0.023
           0.022
           0.020
           0.064
           0.067
           0.054
           0.044
           0.037
           0.032
           0.028
           0.024
           0.021
           0.019
           0.017
           0.016
           0.015
           0.115
           0.124
           0.095
           0.076
           0.062
           0.051
           0.044
           0.038
           0.032
           0.027
           0.025
           0.023
           0.022
           0.020
           0.019
           0.017
           0.016
           0.015
           0.014
           0.013
           0.012
           0.011
           0.010
           0.009
           0.009
           0.008
           0.007
           0.007
           0.006
           0.006
           0.006
           0.005
           0.005
           0.004
           0.004
           0.004
           0.004
           0.003
           0.003
           0.003
           0.003
           0.002
           0.002
           0.002
           0.002
           0.002
           0.038
           0.041
           0.031
           0.024
           0.019
           0.016
           0.013
           0.011
           0.010
           0.008
           0.007
           0.007
           0.006
           0.006
           0.005
           0.005
           0.005
           0.022
           0.023
           0.018
           0.093
           0.098
           0.075
           0.058
           0.047
           0.039
           0.032
           0.028
           0.024
           0.020
           0.018
           0.017
           0.016
           0.015
           0.014
           0.013
           0.012
           0.011
           0.010
           0.009
           0.017
           0.057
           0.058
           0.045
           0.036
           0.029
           0.025
           0.021
           0.018
           0.016
           0.013
           0.012
           0.024
           0.068
           0.068
           0.053
           0.042
           0.035
           0.029
           0.025
           0.022
           0.019
           0.016
           0.015
           0.014
           0.013
           0.012
           0.011
           0.010
           0.009
           0.009
           0.008
           0.008
           0.007
           0.006
           0.006
           0.006
           0.005
           0.005
           0.004
           0.004
           0.094
           0.156
           0.136
           0.104
           0.082
           0.066
           0.055
           0.046
           0.039
           0.032
           0.048
           0.048
           0.040
           0.035
           0.031
           0.027
           0.025
           0.022
           0.020
           0.018
           0.017
           0.065
           0.081
           0.069
           0.056
           0.045
           0.038
           0.032
           0.028
           0.035
           0.186
           0.196
           0.170
           0.168
           0.142
           0.114
           0.095
           0.080
           0.067
           0.056
           0.051
           0.046
           0.042
           0.038
           0.036
           0.033
           0.031
           0.028
           0.026
           0.024
           0.023
           0.021
           0.019
           0.018
           0.017
           0.015
           0.014
           0.013
           0.185
           0.202
           0.153
           0.119
           0.095
           0.078
           0.065
           0.056
           0.047
           0.038
           0.036
           0.033
           0.031
           0.028
           0.026
           0.024
           0.186
           0.201
           0.153
           0.120
           0.097
           0.081
           0.068
           0.583
           0.626
           0.492
           0.956
           0.932
           0.722
           0.574
           0.672
           0.609
           0.514
           0.440
           0.368
           0.310
           0.296
           0.271
           0.241
           0.214
           0.196
           0.180
           0.166
           0.154
           0.142
           0.131
           0.121
           0.113
           0.104
           0.097
           0.135
           0.236
           0.547
           0.775
           1.335
           1.370
           1.593
           1.582
           1.377
           1.151
           0.946
           0.786
           0.949
           0.879
           0.833
           0.732
           0.631
           0.556
           0.497
           0.882
           0.889
           2.368
           2.463
           2.225
           1.896
           1.523
           1.241
           1.032
           0.874
           0.738
           0.621
           0.681
           1.188
           1.162
           0.980
           0.838
           0.727
           0.665
           0.598
           0.534
           0.474
           0.424
           0.391
           0.361
           0.334
           0.309
           0.329
           0.508
           0.495
           0.418
           0.434
           0.396
           0.438
           0.901
           0.884
           1.309
           1.491
           1.337
           2.245
           2.645
           2.690
           2.282
           1.860
           1.556
           1.456
           1.296
           1.123
           1.174
           1.085
           0.957
           1.106
           1.104
           0.980
           0.864
           0.773
           0.696
           0.630
           0.577
           0.527
           0.482
           0.445
           0.413
           0.383
           0.376
           0.352
           0.322
           0.296
           0.273
           0.285
           0.269
           0.361
           0.347
           0.299
           0.262
           0.233
           0.395
           0.389
           0.326
           0.278
           0.240
           0.213
           0.192
           0.173
           0.156
           0.140
           0.149
           0.141
           0.217
           0.231
           0.200
           0.171
           0.149
           0.131
           0.117
           0.105
           0.095
           0.085
           0.078
           0.073
           0.067
           0.062
           0.058
           0.054
           0.050
           0.046
           0.043
           0.040
           0.037
           0.034
           0.032
           0.029
           0.039
           0.038
           0.033
           0.029
           0.026
           0.023
           0.021
           0.019
           0.018
           0.016
           0.015
           0.014
           0.013
           0.012
           0.011
           0.010
           0.010
           0.009
           0.008
           0.008
           0.007
           0.007
           0.006
           0.006
           0.005
           0.005
           0.004
           0.004
           0.004
           0.004
           0.003
           0.003
           0.003
           0.003
           0.002
           0.002
           0.002
           0.002
           0.002
           0.002
           0.002
           0.001
           0.001
           0.001
           0.001
           0.001
           0.001
           0.001
           0.001
           0.001
           0.001
           0.001
           0.001
           0.001
           0.001
           0.000
           0.023
           0.025
           0.019
           0.015
           0.091
           0.102
           0.099
           0.084
           0.066
           0.054
           0.045
           0.039
           0.043
           0.044
           0.039
           0.034
           0.030
           0.026
           0.024
           0.022
           0.020
           0.018
           0.016
           0.015
           0.014
           0.013
           0.012
           0.011
           0.010
           0.010
           0.009
           0.008
           0.008
           0.007
           0.007
           0.006
           0.006
           0.005
           0.005
           0.005
           0.004
           0.004
           0.004
           0.003
           0.003
           0.003
           0.003
           0.002
           0.002
           0.002
           0.002
           0.002
           0.002
           0.002
           0.001
           0.001
           0.001
           0.001
           0.001
           0.020
           0.022
           0.017
           0.013
           0.011
           0.009
           0.007
           0.006
           0.087
           0.094
           0.072
           0.056
           0.045
           0.037
           0.031
           0.027
           0.023
           0.019
           0.017
           0.016
           0.140
           0.250
           0.261
           0.213
           0.167
           0.135
           0.114
           0.097
           0.082
           0.151
           0.150
           0.122
           0.102
           0.088
           0.269
           0.279
           0.219
           0.176
           0.145
           0.123
           0.179
           0.174
           0.141
           0.117
           0.136
           0.128
           0.109
           0.153
           0.147
           0.209
           0.200
           0.163
           0.135
           0.114
           0.100
           0.170
           0.168
           0.137
           0.114
           0.098
           0.086
           0.077
           0.069
           0.062
           0.064
           0.105
           0.104
           0.086
           0.073
           0.064
           0.056
           0.050
           0.045
           0.040
           0.036
           0.033
           0.031
           0.029
           0.026
           0.025
           0.023
           0.153
           0.171
           0.301
           0.289
           0.223
           0.586
           0.592
           0.456
           0.359
           0.290
           0.240
           0.202
           0.177
           0.152
           0.130
           0.224
           0.226
           0.311
           0.776
           0.768
           0.596
           0.476
           0.390
           0.506
           0.475
           0.447
           0.383
           0.733
           0.739
           0.592
           0.485
           0.590
           1.266
           1.349
           1.125
           0.907
           0.941
           0.845
           1.379
           1.332
           1.064
           0.868
           0.739
           0.642
           0.565
           0.502
           0.447
           0.396
           0.367
           0.340
           0.315
           0.292
           0.271
           0.440
           0.440
           0.371
           0.319
           1.935
           2.466
           2.265
           2.523
           2.221
           1.752
           1.406
           1.158
           0.950
           0.778
           1.813
           1.839
           1.495
           1.254
           1.373
           1.251
           1.062
           0.919
           0.794
           0.689
           0.627
           0.600
           1.683
           1.885
           1.661
           1.868
           3.961
           4.262
           3.634
           3.206
           2.901
           2.619
           2.227
           1.880
           1.583
           1.494
           2.155
           2.052
           1.755
           1.537
           1.364
           1.381
           1.273
           1.139
           1.019
           0.918
           0.844
           0.777
           0.717
           0.662
           0.610
           0.565
           0.524
           0.486
           0.450
           0.417
           0.387
           0.359
           0.332
           0.308
           0.286
           0.265
           0.245
           0.253
           0.254
           0.387
           0.376
           0.319
           0.276
           0.366
           0.410
           0.362
           0.307
           0.264
           0.355
           0.341
           0.290
           0.251
           0.219
           0.195
           0.199
           0.249
           0.233
           0.200
           0.176
           0.157
           0.142
           0.262
           0.260
           0.217
           0.184
           0.161
           0.142
           0.128
           0.115
           0.103
           0.277
           0.398
           0.354
           0.296
           0.249
           0.219
           0.236
           0.216
           0.184
           0.157
           0.139
           0.126
           0.115
           0.105
           0.096
           0.088
           0.082
           0.076
           0.070
           0.065
           0.060
           0.056
           0.052
           0.048
           0.044
           0.041
           0.038
           0.035
           0.033
           0.030
           0.028
           0.026
           0.024
           0.022
           0.021
           0.019
           0.018
           0.017
           0.015
           0.014
           0.013
           0.012
           0.011
           0.011
           0.010
           0.009
           0.008
           0.008
           0.007
           0.007
           0.006
           0.006
           0.005
           0.005
           0.005
           0.004
           0.004
           0.004
           0.003
           0.003
           0.003
