  runoff  
           0.000
           0.000
           0.000
           0.000
           0.000
           0.000
           0.000
           0.000
           0.000
           0.000
           0.000
           0.000
           0.000
           0.017
           0.019
           0.014
           0.010
           0.008
           0.006
           0.005
           0.004
           0.004
           0.003
           0.003
           0.003
           0.003
           0.003
           0.003
           0.003
           0.006
           0.006
           0.005
           0.004
           0.004
           0.003
           0.003
           0.003
           0.003
           0.003
           0.003
           0.003
           0.003
           0.003
           0.002
           0.002
           0.002
           0.002
           0.010
           0.012
           0.009
           0.007
           0.006
           0.005
           0.004
           0.004
           0.003
           0.003
           0.003
           0.003
           0.003
           0.003
           0.038
           0.050
           0.039
           0.028
           0.021
           0.017
           0.014
           0.012
           0.010
           0.009
           0.008
           0.008
           0.008
           0.008
           0.008
           0.007
           0.007
           0.007
           0.007
           0.007
           0.007
           0.020
           0.046
           0.046
           0.107
           0.112
           0.080
           0.059
           0.104
           0.180
           0.167
           0.122
           0.091
           0.070
           0.058
           0.050
           0.043
           0.037
           0.034
           0.033
           0.033
           0.032
           0.031
           0.031
           0.051
           0.055
           0.046
           0.041
           0.125
           0.317
           0.315
           0.226
           0.167
           0.128
           0.103
           0.087
           0.239
           0.302
           0.242
           0.184
           0.217
           0.205
           0.161
           0.133
           0.110
           0.094
           0.087
           0.082
           0.077
           0.074
           0.116
           0.127
           0.184
           0.184
           0.146
           0.122
           0.145
           0.141
           0.117
           0.102
           0.090
           0.082
           0.078
           0.075
           0.288
           0.561
           0.521
           0.378
           0.284
           0.222
           0.182
           0.155
           0.132
           0.112
           0.103
           0.101
           0.099
           0.097
           0.095
           0.093
           0.091
           0.090
           0.485
           0.558
           0.404
           1.567
           1.740
           1.214
           1.218
           1.056
           0.769
           0.581
           0.467
           0.822
           1.221
           1.176
           0.912
           0.982
           0.901
           0.753
           0.634
           0.522
           1.138
           1.219
           1.335
           1.216
           0.937
           0.758
           0.877
           0.967
           0.921
           0.894
           0.784
           0.662
           0.586
           0.583
           0.568
           0.519
           0.478
           0.449
           1.160
           1.281
           1.069
           1.430
           4.369
           4.669
           3.258
           2.670
           3.233
           2.909
           2.174
           1.681
           1.291
           1.048
           0.948
           0.872
           1.645
           2.158
           1.905
           1.541
           1.299
           1.137
           1.026
           0.948
           0.875
           0.816
           1.009
           1.206
           1.141
           1.010
           0.920
           0.857
           0.810
           0.775
           0.743
           1.375
           1.549
           2.521
           2.689
           2.132
           1.695
           1.406
           1.213
           1.168
           1.087
           0.967
           0.885
           0.955
           1.399
           1.419
           1.208
           1.095
           1.006
           0.928
           0.870
           0.825
           0.781
           0.751
           0.734
           0.718
           0.703
           0.689
           0.676
           0.663
           0.650
           0.637
           0.624
           0.612
           0.600
           0.588
           0.577
           0.565
           0.554
           0.543
           0.533
           0.522
           0.512
           0.515
           0.507
           0.493
           0.577
           0.584
           0.819
           0.838
           0.707
           0.618
           0.558
           0.573
           0.551
           0.506
           0.470
           0.650
           0.936
           0.895
           0.735
           0.628
           0.555
           0.506
           0.472
           0.442
           0.415
           0.399
           0.392
           0.384
           0.376
           0.369
           0.362
           0.355
           0.348
           0.341
           0.443
           0.456
           0.409
           0.376
           0.352
           0.335
           0.322
           0.311
           0.300
           0.291
           0.285
           0.279
           0.274
           0.269
           0.263
           0.258
           0.253
           0.248
           0.243
           0.238
           0.234
           0.229
           0.225
           0.220
           0.216
           0.212
           0.208
           0.203
           0.199
           0.196
           0.192
           0.188
           0.184
           0.181
           0.177
           0.174
           0.170
           0.167
           0.164
           0.160
           0.157
           0.154
           0.151
           0.148
           0.145
           0.142
           0.140
           0.137
           0.134
           0.132
           0.129
           0.126
           0.124
           0.150
           0.161
           0.149
           0.137
           0.128
           0.121
           0.117
           0.113
           0.109
           0.105
           0.142
           0.147
           0.130
           0.119
           0.111
           0.105
           0.100
           0.097
           0.093
           0.090
           0.088
           0.086
           0.085
           0.083
           0.082
           0.080
           0.078
           0.077
           0.075
           0.074
           0.072
           0.071
           0.070
           0.068
           0.067
           0.066
           0.064
           0.063
           0.062
           0.061
           0.059
           0.058
           0.057
           0.056
           0.055
           0.054
           0.053
           0.052
           0.051
           0.050
           0.049
           0.048
           0.047
           0.046
           0.045
           0.044
           0.043
           0.042
           0.042
           0.041
           0.040
           0.039
           0.038
           0.038
           0.037
           0.036
           0.035
           0.035
           0.084
           0.123
           0.109
           0.084
           0.068
           0.057
           0.050
           0.045
           0.041
           0.037
           0.035
           0.035
           0.234
           0.271
           0.194
           0.143
           0.208
           0.237
           0.191
           0.226
           0.207
           0.153
           0.122
           0.101
           0.085
           0.074
           0.068
           0.063
           0.059
           0.058
           0.057
           0.056
           0.055
           0.061
           0.061
           0.058
           0.055
           0.150
           0.257
           0.235
           0.175
           0.135
           0.109
           0.104
           0.095
           0.080
           0.069
           0.063
           0.060
           0.058
           0.057
           0.055
           0.149
           0.166
           0.128
           0.103
           0.181
           0.188
           0.264
           0.257
           0.190
           0.146
           0.119
           0.101
           0.087
           0.078
           0.070
           0.066
           0.064
           0.063
           0.062
           0.061
           0.059
           0.058
           0.057
           0.284
           0.326
           0.237
           0.179
           0.214
           0.203
           0.158
           0.128
           0.402
           0.604
           0.513
           0.372
           0.393
           0.353
           0.270
           0.215
           0.172
           0.351
           0.376
           0.358
           0.310
           0.360
           0.346
           0.274
           0.223
           0.185
           0.160
           0.146
           0.136
           0.602
           0.686
           0.500
           0.379
           0.299
           0.247
           0.233
           0.213
           0.178
           0.156
           0.149
           0.162
           0.161
           0.416
           0.657
           0.586
           0.439
           0.342
           0.278
           0.235
           0.207
           0.182
           0.356
           0.384
           0.305
           0.535
           0.697
           0.649
           0.615
           1.256
           1.278
           0.918
           0.711
           0.558
           0.443
           0.370
           0.763
           0.799
           0.601
           0.485
           0.544
           0.518
           0.430
           0.372
           0.798
           0.856
           0.658
           0.528
           0.770
           0.774
           0.608
           0.498
           0.918
           1.765
           1.695
           1.239
           0.934
           0.735
           0.610
           0.526
           0.458
           0.396
           0.364
           0.357
           0.890
           0.985
           0.859
           1.141
           1.089
           0.847
           0.687
           0.581
           0.620
           0.587
           0.511
           0.450
           0.411
           0.391
           0.375
           0.363
           0.764
           0.882
           0.765
           0.643
           0.541
           0.473
           0.426
           0.393
           0.361
           0.338
           0.327
           0.320
           0.314
           0.307
           0.320
           0.318
           0.305
           0.295
           0.286
           0.278
           0.272
           0.266
           0.259
           0.438
           0.468
           0.392
           0.341
           0.306
           0.282
           0.265
           0.290
           0.288
           0.307
           0.300
           0.271
           0.251
           0.237
           0.226
           0.217
           0.209
           0.203
           0.440
           0.482
           0.385
           0.320
           0.277
           0.247
           0.227
           0.213
           0.197
           0.186
           0.182
           0.178
           0.175
           0.171
           0.168
           0.165
           0.162
           0.158
           0.155
           0.152
           0.149
           0.146
           0.143
           0.141
           0.138
           0.135
           0.132
           0.130
           0.127
           0.125
           0.122
           0.120
           0.118
           0.115
           0.113
           0.111
           0.109
           0.107
           0.104
           0.102
           0.100
           0.098
           0.096
           0.095
           0.093
           0.091
           0.089
           0.087
           0.086
           0.084
           0.201
           0.226
           0.179
           0.146
           0.124
           0.110
           0.099
           0.092
           0.085
           0.079
           0.077
           0.076
           0.074
           0.073
           0.072
           0.103
           0.108
           0.094
           0.084
           0.078
           0.073
           0.069
           0.067
           0.064
           0.061
           0.060
           0.059
           0.058
           0.057
           0.056
           0.055
           0.053
           0.052
           0.051
           0.050
           0.049
           0.048
           0.047
           0.047
           0.046
           0.045
           0.044
           0.043
           0.042
           0.041
           0.041
           0.040
           0.039
           0.038
           0.037
           0.037
           0.036
           0.035
           0.035
           0.034
           0.044
           0.046
           0.041
           0.037
           0.035
           0.033
           0.032
           0.031
           0.030
           0.029
           0.028
           0.028
           0.027
           0.027
           0.026
           0.025
           0.025
           0.025
           0.024
           0.024
           0.023
           0.023
           0.022
           0.022
           0.021
           0.021
           0.021
           0.020
           0.020
           0.019
           0.028
           0.030
           0.026
           0.023
           0.021
           0.020
           0.019
           0.018
           0.017
           0.017
           0.016
           0.016
           0.087
           0.100
           0.072
           0.054
           0.042
           0.034
           0.029
           0.025
           0.021
           0.019
           0.019
           0.018
           0.018
           0.017
           0.017
           0.149
           0.186
           0.137
           0.098
           0.073
           0.057
           0.046
           0.039
           0.031
           0.071
           0.116
           0.105
           0.079
           0.062
           0.050
           0.043
           0.038
           0.033
           0.030
           0.028
           0.027
           0.027
           0.026
           0.026
           0.025
           0.025
           0.024
           0.024
           0.023
           0.023
           0.022
           0.022
           0.022
           0.021
           0.144
           0.290
           0.432
           0.385
           0.269
           0.269
           0.234
           0.173
           0.194
           0.176
           0.130
           0.102
           0.087
           0.075
           0.067
           0.063
           0.059
           0.056
           0.055
           0.054
           0.053
           0.052
           0.051
           0.050
           0.158
           0.178
           0.134
           0.276
           0.442
           0.688
           0.634
           0.448
           0.324
           0.362
           0.334
           0.251
           0.193
           0.152
           0.129
           0.119
           0.111
           0.104
           0.098
           0.096
           0.161
           0.467
           0.496
           0.973
           1.123
           0.853
           0.616
           0.460
           0.449
           0.392
           0.309
           0.247
           0.204
           0.188
           0.178
           0.171
           0.163
           0.157
           0.154
           0.151
           0.659
           3.034
           3.293
           2.235
           1.548
           1.101
           0.810
           1.657
           1.715
           1.179
           0.844
           0.673
           0.674
           0.620
           0.630
           0.564
           0.467
           0.422
           0.411
           0.679
           0.706
           0.577
           0.491
           0.433
           0.395
           0.369
           1.215
           1.357
           1.010
           0.788
           0.667
           0.575
           0.499
           0.448
           0.394
           0.710
           0.987
           0.963
           0.798
           0.649
           0.550
           0.743
           0.747
           0.705
           1.414
           1.499
           1.141
           0.892
           0.728
           0.613
           0.583
           0.581
           0.518
           0.538
           0.527
           0.598
           0.586
           0.515
           0.465
           0.429
           0.404
           0.385
           0.370
           0.357
           0.346
           0.339
           0.333
           0.926
           1.048
           0.845
           0.690
           0.570
           0.490
           0.436
           0.804
           0.991
           0.836
           0.668
           0.634
           0.575
           0.662
           0.639
           0.530
           0.454
           0.410
           0.383
           0.361
           0.345
           0.330
           0.319
           0.313
           0.399
           0.411
           0.369
           0.340
           0.319
           0.304
           0.292
           0.300
           0.294
           0.280
           0.270
           0.261
           0.254
           0.248
           0.242
           0.705
           0.871
           0.701
           0.548
           0.446
           0.379
           0.334
           0.303
           0.271
           0.247
           0.240
           0.235
           0.231
           0.226
           0.222
           0.217
           0.213
           0.336
           0.356
           0.303
           0.267
           0.242
           0.225
           0.213
           0.203
           0.193
           0.185
           0.182
           0.178
           0.175
           0.171
           0.168
           0.165
           0.161
           0.158
           0.155
           0.152
           0.149
           0.146
           0.143
           0.140
           0.138
           0.135
           0.132
           0.130
           0.127
           0.125
           0.122
           0.120
           0.143
           0.146
           0.133
           0.125
           0.118
           0.114
           0.110
           0.107
           0.103
           0.100
           0.098
           0.097
           0.095
           0.093
           0.091
           0.089
           0.087
           0.086
           0.084
           0.082
           0.081
           0.079
           0.078
           0.076
           0.075
           0.073
           0.072
           0.070
           0.098
           0.102
           0.100
           0.093
           0.091
           0.107
           0.104
           0.090
           0.079
           0.072
           0.068
           0.064
           0.062
           0.059
           0.058
           0.056
           0.055
           0.058
           0.058
           0.055
           0.053
           0.052
           0.050
           0.049
           0.048
           0.047
           0.046
           0.045
           0.044
           0.043
           0.042
           0.041
           0.041
           0.040
           0.039
           0.038
           0.037
           0.037
           0.036
           0.035
           0.035
           0.034
           0.033
           0.033
           0.032
           0.031
           0.031
           0.044
           0.047
           0.040
           0.036
           0.033
           0.031
           0.030
           0.029
           0.027
           0.026
           0.026
           0.025
           0.025
           0.024
           0.024
           0.023
           0.023
           0.023
           0.022
           0.022
           0.021
           0.042
           0.046
           0.106
           0.149
           0.124
           0.091
           0.069
           0.055
           0.045
           0.038
           0.032
           0.028
           0.026
           0.127
           0.204
           0.176
           0.127
           0.096
           0.075
           0.061
           0.052
           0.043
           0.037
           0.034
           0.034
           0.033
           0.032
           0.032
           0.038
           0.063
           0.070
           0.059
           0.049
           0.042
           0.038
           0.035
           0.032
           0.030
           0.029
           0.028
           0.027
           0.027
           0.026
           0.026
           0.025
           0.025
           0.024
           0.024
           0.023
           0.023
           0.022
           0.022
           0.021
           0.021
           0.021
           0.020
           0.020
           0.162
           0.189
           0.179
           0.250
           0.492
           0.479
           0.334
           0.239
           0.174
           0.186
           0.170
           0.130
           0.099
           0.080
           0.123
           0.128
           0.105
           0.088
           0.077
           0.084
           0.105
           0.101
           0.085
           0.342
           0.386
           0.278
           0.208
           0.161
           0.130
           0.110
           0.195
           0.846
           2.002
           1.930
           1.335
           0.948
           0.727
           0.568
           0.483
           0.396
           0.299
           0.579
           0.628
           0.492
           0.567
           0.538
           0.619
           0.957
           1.267
           1.106
           0.821
           0.645
           0.524
           0.445
           0.572
           0.577
           0.474
           0.404
           0.364
           0.336
           0.316
           0.609
           1.451
           1.859
           1.542
           1.532
           1.571
           1.291
           0.992
           1.031
           1.123
           1.166
           1.661
           1.579
           1.200
           0.959
           0.804
           0.694
           0.639
           2.505
           2.825
           2.031
           1.525
           1.193
           0.974
           0.966
           1.180
           1.071
           0.909
           0.816
           0.726
           1.149
           1.704
           1.618
           1.722
           1.960
           1.932
           1.748
           1.459
           1.676
           1.593
           1.303
           1.103
           0.996
           1.697
           1.764
           1.689
           1.505
           1.418
           1.643
           1.539
           1.297
           1.119
           0.999
           0.925
           0.873
           0.834
           0.798
           1.314
           1.437
           1.230
           1.071
           0.962
           0.887
           0.832
           0.792
           0.750
           0.718
           0.904
           0.927
           0.838
           0.776
           0.732
           0.713
           0.690
           0.663
           0.638
           0.617
           0.603
           0.591
           0.578
           0.566
           0.555
           0.792
           0.828
           0.724
           0.917
           0.963
           0.836
           0.728
           0.654
           0.597
           0.557
           0.533
           0.647
           0.685
           0.627
           0.572
           0.533
           0.504
           0.483
           0.466
           0.449
           0.434
           0.425
           0.634
           0.666
           0.680
           0.717
           0.650
           0.564
           0.506
           0.466
           0.432
           0.408
           0.392
           0.378
           0.368
           0.361
           0.354
           0.347
           0.340
           0.333
           0.327
           0.320
           0.314
           0.308
           0.302
           0.296
           0.290
           0.284
           0.279
           0.273
           0.268
           0.287
           0.287
           0.272
           0.261
           0.253
           0.245
           0.239
           0.233
           0.227
           0.222
           0.218
           0.214
           0.209
           0.205
           0.201
           0.197
           0.193
           0.190
           0.186
           0.182
           0.179
           0.175
           0.172
           0.168
           0.165
           0.162
           0.159
           0.156
           0.152
           0.149
           0.147
           0.144
           0.141
           0.138
           0.135
           0.133
           0.130
           0.128
           0.125
           0.123
           0.120
           0.118
           0.116
           0.113
           0.111
           0.109
           0.107
           0.105
           0.103
           0.101
           0.099
           0.097
           0.095
           0.093
           0.091
           0.089
           0.088
           0.086
           0.084
           0.082
           0.081
           0.079
           0.078
           0.076
           0.075
           0.073
           0.072
           0.070
           0.069
           0.068
           0.066
           0.065
           0.076
           0.077
           0.071
           0.067
           0.064
           0.061
           0.059
           0.058
           0.056
           0.054
           0.091
           0.097
           0.082
           0.174
           0.244
           0.210
           0.159
           0.126
           0.102
           0.087
           0.078
           0.069
           0.068
           0.066
           0.063
           0.060
           0.058
           0.056
           0.055
           0.053
           0.127
           0.139
           0.110
           0.090
           0.077
           0.068
           0.062
           0.058
           0.053
           0.050
           0.049
           0.048
           0.047
           0.046
           0.045
           0.044
           0.043
           0.043
           0.116
           0.129
           0.100
           0.080
           0.068
           0.059
           0.053
           0.121
           0.130
           0.099
           0.115
           0.109
           0.088
           0.073
           0.063
           0.055
           0.050
           0.047
           0.045
           0.043
           0.042
           0.041
           0.040
           0.040
           0.039
           0.038
           0.037
           0.037
           0.036
           0.035
           0.034
           0.034
           0.033
           0.032
           0.032
           0.097
           0.109
           0.083
           0.066
           0.054
           0.047
           0.042
           0.038
           0.343
           0.399
           0.279
           0.201
           0.150
           0.117
           0.095
           0.080
           0.064
           0.053
           0.052
           0.245
           0.281
           0.205
           0.155
           0.123
           0.101
           0.087
           0.077
           0.066
           0.140
           0.268
           0.258
           0.192
           0.149
           0.121
           0.102
           0.126
           0.123
           0.099
           0.113
           0.111
           0.126
           0.121
           0.585
           0.704
           0.515
           0.372
           0.278
           0.217
           0.176
           0.149
           0.352
           0.799
           0.787
           0.564
           0.418
           0.620
           0.995
           1.011
           0.823
           0.655
           0.509
           0.403
           0.333
           0.280
           0.287
           0.581
           1.197
           1.209
           0.900
           1.033
           0.955
           1.004
           1.754
           2.455
           2.636
           2.141
           1.574
           1.844
           1.715
           1.311
           1.027
           0.831
           0.707
           0.638
           1.334
           1.428
           1.121
           0.930
           0.919
           0.854
           0.750
           0.886
           1.528
           1.740
           1.603
           1.402
           1.164
           0.974
           0.848
           0.816
           0.750
           0.676
           0.634
           0.606
           0.587
           0.572
           0.558
           0.545
           0.532
           0.632
           0.961
           0.968
           0.810
           0.704
           0.631
           0.581
           0.545
           1.877
           2.317
           1.807
           1.376
           1.467
           1.349
           1.082
           0.905
           0.758
           0.656
           0.614
           0.586
           0.557
           0.535
           0.845
           1.167
           1.085
           0.892
           0.763
           0.767
           0.731
           0.655
           0.593
           0.543
           0.514
           0.658
           1.098
           1.217
           1.025
           0.841
           0.718
           0.635
           0.578
           0.535
           0.495
           0.477
           0.566
           0.572
           0.523
           0.488
           0.462
           0.443
           0.427
           0.414
           0.401
           0.390
           0.382
           0.375
           0.368
           0.360
           0.353
           0.346
           0.340
           0.333
           0.326
           0.320
           0.314
           0.308
           0.301
           0.337
           0.339
           0.317
           0.301
           0.289
           0.280
           0.271
           0.264
           0.257
           0.251
           0.246
           0.241
           0.236
           0.232
           0.227
           0.223
           0.218
           0.264
           0.269
           0.246
           0.229
           0.217
           0.208
           0.201
           0.195
           0.189
           0.183
           0.180
           0.176
           0.173
           0.281
           0.299
           0.253
           0.222
           0.200
           0.185
           0.175
           0.167
           0.158
           0.151
           0.148
           0.146
           0.143
           0.140
           0.137
           0.134
           0.132
           0.129
           0.127
           0.124
           0.122
           0.119
           0.117
           0.115
           0.112
           0.110
           0.108
           0.106
           0.104
           0.102
           0.100
           0.098
           0.096
           0.094
           0.092
           0.090
           0.089
           0.087
           0.085
           0.084
           0.082
           0.080
           0.079
           0.077
           0.076
           0.074
           0.113
           0.119
           0.102
           0.091
           0.083
           0.077
           0.073
           0.070
           0.067
           0.064
           0.063
           0.062
           0.061
           0.059
           0.058
           0.057
           0.056
           0.074
           0.077
           0.068
           0.150
           0.162
           0.125
           0.101
           0.085
           0.074
           0.066
           0.061
           0.056
           0.052
           0.051
           0.050
           0.049
           0.048
           0.047
           0.046
           0.045
           0.044
           0.044
           0.043
           0.051
           0.096
           0.100
           0.080
           0.067
           0.058
           0.052
           0.047
           0.044
           0.041
           0.039
           0.038
           0.052
           0.102
           0.105
           0.082
           0.067
           0.057
           0.050
           0.045
           0.042
           0.038
           0.036
           0.035
           0.035
           0.034
           0.033
           0.033
           0.032
           0.031
           0.031
           0.030
           0.029
           0.029
           0.028
           0.028
           0.027
           0.027
           0.026
           0.026
           0.025
           0.126
           0.205
           0.176
           0.127
           0.095
           0.074
           0.060
           0.051
           0.043
           0.036
           0.056
           0.059
           0.050
           0.044
           0.040
           0.037
           0.034
           0.033
           0.031
           0.030
           0.029
           0.085
           0.108
           0.090
           0.071
           0.057
           0.048
           0.042
           0.038
           0.046
           0.219
           0.246
           0.197
           0.186
           0.153
           0.115
           0.091
           0.075
           0.060
           0.051
           0.047
           0.044
           0.042
           0.042
           0.041
           0.040
           0.039
           0.038
           0.038
           0.037
           0.036
           0.035
           0.035
           0.034
           0.033
           0.033
           0.032
           0.032
           0.229
           0.266
           0.189
           0.138
           0.105
           0.084
           0.069
           0.060
           0.049
           0.042
           0.041
           0.040
           0.040
           0.039
           0.038
           0.037
           0.224
           0.259
           0.185
           0.137
           0.106
           0.086
           0.072
           0.660
           0.764
           0.548
           1.033
           1.046
           0.733
           0.528
           0.623
           0.566
           0.441
           0.358
           0.275
           0.222
           0.219
           0.207
           0.183
           0.166
           0.158
           0.152
           0.148
           0.144
           0.140
           0.137
           0.134
           0.132
           0.129
           0.127
           0.175
           0.300
           0.664
           0.941
           1.539
           1.588
           1.722
           1.682
           1.377
           1.069
           0.811
           0.626
           0.801
           0.775
           0.707
           0.614
           0.510
           0.444
           0.401
           0.838
           0.911
           2.458
           2.668
           2.249
           1.864
           1.409
           1.084
           0.860
           0.713
           0.585
           0.502
           0.593
           1.156
           1.204
           0.965
           0.801
           0.686
           0.633
           0.584
           0.534
           0.487
           0.457
           0.445
           0.435
           0.425
           0.416
           0.452
           0.662
           0.676
           0.577
           0.589
           0.558
           0.599
           1.101
           1.129
           1.503
           1.721
           1.495
           2.285
           2.731
           2.675
           2.185
           1.655
           1.304
           1.196
           1.072
           0.907
           0.981
           0.947
           0.838
           1.005
           1.058
           0.944
           0.837
           0.765
           0.711
           0.671
           0.645
           0.620
           0.598
           0.585
           0.573
           0.562
           0.572
           0.565
           0.546
           0.531
           0.517
           0.538
           0.533
           0.628
           0.632
           0.572
           0.530
           0.500
           0.666
           0.683
           0.597
           0.536
           0.494
           0.466
           0.445
           0.429
           0.412
           0.398
           0.410
           0.406
           0.483
           0.508
           0.466
           0.427
           0.399
           0.379
           0.363
           0.350
           0.338
           0.328
           0.321
           0.314
           0.308
           0.302
           0.296
           0.290
           0.285
           0.279
           0.274
           0.268
           0.263
           0.258
           0.253
           0.248
           0.255
           0.252
           0.243
           0.236
           0.229
           0.223
           0.218
           0.214
           0.209
           0.204
           0.200
           0.196
           0.193
           0.189
           0.185
           0.181
           0.178
           0.174
           0.171
           0.168
           0.164
           0.161
           0.158
           0.155
           0.152
           0.149
           0.146
           0.143
           0.140
           0.137
           0.135
           0.132
           0.130
           0.127
           0.124
           0.122
           0.120
           0.117
           0.115
           0.113
           0.111
           0.108
           0.106
           0.104
           0.102
           0.100
           0.098
           0.096
           0.094
           0.092
           0.091
           0.089
           0.087
           0.085
           0.084
           0.082
           0.104
           0.107
           0.097
           0.089
           0.169
           0.187
           0.174
           0.152
           0.126
           0.108
           0.097
           0.089
           0.093
           0.096
           0.090
           0.082
           0.078
           0.074
           0.072
           0.069
           0.067
           0.065
           0.064
           0.063
           0.061
           0.060
           0.059
           0.058
           0.057
           0.056
           0.055
           0.053
           0.052
           0.051
           0.050
           0.049
           0.048
           0.047
           0.047
           0.046
           0.045
           0.044
           0.043
           0.042
           0.041
           0.040
           0.040
           0.039
           0.038
           0.037
           0.037
           0.036
           0.035
           0.035
           0.034
           0.033
           0.033
           0.032
           0.031
           0.052
           0.055
           0.047
           0.041
           0.037
           0.034
           0.032
           0.030
           0.119
           0.135
           0.100
           0.077
           0.061
           0.051
           0.044
           0.040
           0.035
           0.031
           0.031
           0.030
           0.168
           0.303
           0.310
           0.239
           0.174
           0.131
           0.105
           0.087
           0.071
           0.149
           0.159
           0.122
           0.098
           0.082
           0.284
           0.317
           0.230
           0.171
           0.133
           0.109
           0.174
           0.179
           0.136
           0.108
           0.131
           0.128
           0.107
           0.157
           0.157
           0.223
           0.222
           0.171
           0.136
           0.113
           0.099
           0.180
           0.190
           0.148
           0.120
           0.104
           0.092
           0.085
           0.079
           0.073
           0.078
           0.129
           0.133
           0.110
           0.095
           0.084
           0.077
           0.072
           0.068
           0.064
           0.061
           0.060
           0.059
           0.058
           0.057
           0.056
           0.055
           0.202
           0.235
           0.366
           0.362
           0.262
           0.655
           0.700
           0.494
           0.357
           0.268
           0.208
           0.169
           0.147
           0.122
           0.106
           0.221
           0.242
           0.332
           0.866
           0.894
           0.637
           0.469
           0.359
           0.488
           0.478
           0.429
           0.356
           0.752
           0.807
           0.598
           0.457
           0.569
           1.343
           1.492
           1.161
           0.860
           0.869
           0.781
           1.336
           1.355
           0.983
           0.742
           0.599
           0.506
           0.440
           0.395
           0.353
           0.324
           0.318
           0.312
           0.306
           0.300
           0.294
           0.502
           0.537
           0.449
           0.389
           2.246
           2.950
           2.592
           2.748
           2.385
           1.752
           1.312
           1.024
           0.791
           0.633
           1.674
           1.822
           1.391
           1.119
           1.237
           1.160
           0.952
           0.813
           0.695
           0.617
           0.584
           0.587
           1.677
           2.006
           1.705
           1.861
           4.050
           4.424
           3.569
           3.007
           2.606
           2.281
           1.878
           1.518
           1.229
           1.182
           1.836
           1.852
           1.517
           1.301
           1.158
           1.200
           1.155
           1.049
           0.961
           0.902
           0.871
           0.845
           0.823
           0.800
           0.781
           0.765
           0.750
           0.736
           0.721
           0.707
           0.693
           0.680
           0.666
           0.653
           0.640
           0.628
           0.615
           0.628
           0.635
           0.770
           0.775
           0.699
           0.646
           0.730
           0.785
           0.727
           0.656
           0.604
           0.690
           0.689
           0.623
           0.574
           0.538
           0.514
           0.518
           0.571
           0.559
           0.517
           0.489
           0.468
           0.451
           0.571
           0.584
           0.521
           0.479
           0.449
           0.428
           0.411
           0.397
           0.383
           0.559
           0.700
           0.643
           0.555
           0.492
           0.452
           0.465
           0.447
           0.406
           0.375
           0.357
           0.345
           0.335
           0.326
           0.317
           0.310
           0.304
           0.298
           0.292
           0.286
           0.281
           0.275
           0.270
           0.264
           0.259
           0.254
           0.249
           0.244
           0.239
           0.235
           0.230
           0.226
           0.221
           0.217
           0.213
           0.208
           0.204
           0.200
           0.196
           0.192
           0.189
           0.185
           0.181
           0.178
           0.174
           0.171
           0.168
           0.164
           0.161
           0.158
           0.155
           0.152
           0.149
           0.146
           0.143
           0.140
           0.137
           0.135
           0.132
           0.129
           0.127
