0.128404445
0.14553759
0.165683155
0.184510787
0.183004576
0.174155589
0.165118326
0.156081063
0.147232077
0.138194814
0.129345827
0.121249946
0.122003051
0.124638919
0.127274788
0.129910656
0.132546524
0.13480584
0.132358248
0.128592722
0.125015472
0.121438222
0.117672696
0.114660275
0.11541338
0.11691959
0.118425801
0.119932011
0.121438222
0.122756156
0.12407409
0.12256788
0.120308564
0.118237525
0.115978209
0.113907169
0.111647854
0.109576814
0.108447156
0.107317498
0.106376117
0.105246459
0.104116801
0.103175419
0.102045762
0.101292656
0.103740248
0.106752669
0.109576814
0.112589235
0.115601656
0.118614077
0.121438222
0.124450643
0.126898235
0.125015472
0.122191327
0.119178906
0.116354761
0.113530617
0.110706472
0.107694051
0.104869906
0.102045762
0.099033341
0.097150577
0.102234038
0.109011985
0.115978209
0.122756156
0.129534103
0.136312051
0.14346655
0.15269209
0.162294182
0.17208455
0.186770102
0.203338418
0.220283286
0.239110917
0.254173022
0.265469601
0.274883417
0.282414469
0.289945522
0.299359338
0.30689039
0.314421443
0.30689039
0.297476574
0.288062759
0.278648943
0.269235127
0.273000654
0.34266289
0.335131837
0.257938549
0.274883417
0.305007627
0.301242101
0.267352364
0.256055786
0.273000654
0.256055786
0.261704075
0.256055786
0.256055786
0.265469601
0.261704075
0.269235127
0.280531706
0.250407496
0.257938549
0.248524733
0.231579865
0.256055786
0.284297233
0.295593811
0.259821312
0.252290259
0.267352364
0.252290259
0.231579865
0.244759207
0.297476574
0.395380257
0.536587492
0.491401177
0.414207888
0.478221835
0.551649597
0.438683809
0.391614731
0.327600784
0.278648943
0.303124864
0.393497494
0.465042493
0.346428416
0.333249074
0.327600784
0.316304206
0.344545653
0.399145783
0.359607758
0.436801046
0.434918283
0.344545653
0.308773153
0.27676618
0.280531706
0.320069732
0.30689039
0.291828285
0.340780126
0.385966441
0.370904336
0.355842231
0.353959468
0.352076705
0.323835258
0.314421443
0.363373284
0.416090652
0.474456309
0.547884071
0.822767487
0.999747222
0.632608411
0.572359991
0.660849858
0.651436043
0.500814992
0.431152757
0.481987361
0.722981042
0.70415341
0.559180649
0.61942907
0.826533014
0.540353018
0.49328394
0.446214862
0.45751144
0.623194596
0.683443016
1.003512748
0.717332752
0.540353018
0.515877097
0.529056439
0.602484201
0.89054696
0.930084986
0.943264328
0.888664197
0.92067117
0.841595119
0.73992591
0.578008281
0.512111571
0.881133144
1.517507082
0.805822619
0.864188276
4.386838091
3.972630203
2.03338418
1.284044454
1.784859447
2.146349967
2.221660492
1.995728917
1.487382872
1.118361299
0.92067117
0.86042275
0.943264328
1.221913271
1.380065374
0.979036827
0.758753541
0.675911963
0.645787753
0.608132491
0.572359991
0.551649597
0.544118544
0.943264328
0.83029854
0.64955328
0.58365657
0.542235781
0.519642624
0.506463282
0.515877097
0.741808673
1.206851166
1.654948791
1.649300501
1.212499455
0.909374591
0.77005012
0.677794727
0.658967095
0.7098017
0.657084332
0.611898017
0.574242754
0.881133144
1.031754195
0.89619525
0.845360645
0.738043147
0.707918937
0.670263674
0.632608411
0.617546306
0.589304859
0.55353236
0.517759861
0.498932229
0.48763565
0.474456309
0.46315973
0.453745914
0.444332098
0.436801046
0.42738723
0.417973415
0.416090652
0.410442362
0.406676836
0.401028547
0.395380257
0.385966441
0.376552626
0.36713881
0.384083678
0.376552626
0.376552626
0.385966441
0.374669863
0.374669863
0.370904336
0.359607758
0.353959468
0.359607758
0.36713881
0.363373284
0.348311179
0.352076705
0.355842231
0.357724995
0.34266289
0.34266289
0.323835258
0.310655916
0.30689039
0.303124864
0.301242101
0.271117891
0.263586838
0.259821312
0.256055786
0.252290259
0.250407496
0.244759207
0.240993681
0.239110917
0.237228154
0.235345391
0.235345391
0.233462628
0.231579865
0.229697102
0.231579865
0.235345391
0.237228154
0.240993681
0.242876444
0.24664197
0.248524733
0.24664197
0.244759207
0.244759207
0.242876444
0.240993681
0.239110917
0.237228154
0.235345391
0.235345391
0.233462628
0.231579865
0.229697102
0.225931576
0.224048812
0.220283286
0.218400523
0.214634997
0.212752234
0.21086947
0.207103944
0.21086947
0.21651776
0.222166049
0.227814339
0.231579865
0.237228154
0.242876444
0.24664197
0.24664197
0.244759207
0.240993681
0.239110917
0.235345391
0.225931576
0.212752234
0.201455655
0.192041839
0.218400523
0.256055786
0.288062759
0.280531706
0.267352364
0.257938549
0.248524733
0.225931576
0.130098932
0.150056221
0.195807365
0.201455655
0.201455655
0.199572892
0.197690129
0.197690129
0.195807365
0.193924602
0.193924602
0.192041839
0.197690129
0.203338418
0.208986707
0.214634997
0.220283286
0.225931576
0.231579865
0.235345391
0.222166049
0.205221181
0.188276313
0.172649379
0.155892787
0.139324472
0.123885814
0.119932011
0.11899063
0.118049248
0.117107867
0.116354761
0.11541338
0.114660275
0.115978209
0.118049248
0.119932011
0.122003051
0.12407409
0.125392024
0.120873393
0.115036827
0.109388538
0.103740248
0.098091959
0.092255393
0.086607104
0.081523643
0.083782959
0.088678143
0.093573328
0.098468512
0.102987143
0.104116801
0.104305077
0.104493354
0.104869906
0.105058183
0.105246459
0.105434735
0.10618784
0.111271301
0.117484419
0.123697538
0.129910656
0.136123774
0.142336893
0.148550011
0.154574853
0.160787971
0.167189366
0.173779037
0.180556984
0.187523208
0.193924602
0.201455655
0.207103944
0.214634997
0.222166049
0.227814339
0.233462628
0.222166049
0.207103944
0.192041839
0.180368708
0.192041839
0.21086947
0.227814339
0.244759207
0.261704075
0.278648943
0.297476574
0.314421443
0.331366311
0.340780126
0.387849205
0.414207888
0.257938549
0.225931576
0.242876444
0.24664197
0.274883417
0.24664197
0.203338418
0.205221181
0.193924602
0.199572892
0.197690129
0.183569405
0.192041839
0.199572892
0.214634997
0.229697102
0.242876444
0.24664197
0.21651776
0.220283286
0.195807365
0.21086947
0.21651776
0.24664197
0.224048812
0.222166049
0.195807365
0.193924602
0.220283286
0.254173022
0.233462628
0.320069732
0.385966441
0.46315973
0.436801046
0.335131837
0.395380257
0.519642624
0.568594465
0.510228808
0.617546306
0.636373938
0.510228808
0.327600784
0.344545653
0.363373284
0.387849205
0.410442362
0.480104598
0.470690782
0.540353018
0.489518414
0.417973415
0.42738723
0.538470255
0.495166703
0.455628677
0.431152757
0.481987361
0.564828939
0.640139464
0.604366964
0.540353018
0.77005012
0.852891698
0.700387884
0.532821966
0.472573545
0.431152757
0.378435389
0.42738723
0.80017433
0.931967749
0.662732621
0.615663543
0.542235781
0.559180649
0.617546306
0.559180649
0.481987361
0.453745914
0.417973415
0.395380257
0.421738941
0.570477228
0.666498148
0.666498148
0.478221835
0.414207888
0.380318152
0.374669863
0.350193942
0.353959468
0.421738941
0.615663543
0.512111571
0.530939202
0.888664197
0.918788407
0.862305513
0.856657224
1.939246023
0.979036827
0.826533014
0.835946829
0.794526041
0.745574199
0.834064066
1.349941164
0.933850512
0.775698409
0.736160384
0.781346699
0.722981042
0.61378078
0.732394857
1.129657878
0.819001961
0.677794727
1.101416431
0.988450643
0.819001961
0.77005012
0.807705382
2.18400523
1.807452604
1.027988669
0.813353672
0.700387884
0.630725648
0.579891044
0.538470255
0.500814992
0.480104598
0.49328394
1.035519721
1.250154718
0.905609065
0.851008934
0.819001961
0.798291567
0.730512094
0.743691436
0.754988015
0.677794727
0.596835912
0.549766834
0.502697756
0.466925256
0.43303552
0.425504467
0.442449335
0.504580519
0.478221835
0.455628677
0.442449335
0.425504467
0.404794073
0.393497494
0.374669863
0.357724995
0.3370146
0.331366311
0.331366311
0.325718021
0.327600784
0.344545653
0.331366311
0.323835258
0.316304206
0.301242101
0.293711048
0.293711048
0.293711048
0.286179996
0.284297233
0.291828285
0.293711048
0.284297233
0.27676618
0.274883417
0.265469601
0.263586838
0.273000654
0.269235127
0.263586838
0.263586838
0.263586838
0.252290259
0.239110917
0.248524733
0.239110917
0.242876444
0.248524733
0.248524733
0.229697102
0.225931576
0.233462628
0.229697102
0.224048812
0.225931576
0.224048812
0.220283286
0.218400523
0.222166049
0.203338418
0.214634997
0.212752234
0.208986707
0.205221181
0.203338418
0.207103944
0.16700109
0.16493005
0.168319024
0.166812813
0.166436261
0.163800392
0.145725866
0.149491392
0.153256919
0.160034866
0.165683155
0.169072129
0.165683155
0.174155589
0.179992155
0.150056221
0.158152103
0.17716801
0.179615603
0.199572892
0.193924602
0.195807365
0.192041839
0.190159076
0.18639355
0.176603182
0.165494879
0.155139682
0.151185879
0.148550011
0.145725866
0.143089998
0.140454129
0.137629985
0.134994116
0.132358248
0.129534103
0.126898235
0.12407409
0.121438222
0.118802353
0.115978209
0.11334234
0.110706472
0.106564393
0.094138156
0.080205709
0.067779473
0.066273262
0.067214644
0.068156025
0.069097407
0.070227065
0.070415341
0.065143604
0.079829157
0.088678143
0.09244367
0.096209196
0.099974722
0.103740248
0.10618784
0.095079538
0.081335367
0.078699499
0.077381565
0.074745696
0.071921552
0.068909131
0.066084986
0.063260841
0.060624973
0.060436696
0.062131183
0.063637394
0.065143604
0.066461538
0.06740292
0.068156025
0.068909131
0.069850512
0.070603617
0.071356723
0.071733275
0.071544999
0.071356723
0.071356723
0.071168446
0.071168446
0.07098017
0.072674657
0.075310525
0.077946394
0.080582262
0.083406407
0.086042275
0.088678143
0.089431249
0.088678143
0.087736762
0.086983657
0.086042275
0.08528917
0.084347788
0.084347788
0.084912617
0.085477446
0.086230551
0.08679538
0.087360209
0.088113314
0.089242972
0.090937459
0.092631946
0.094326433
0.09602092
0.097715406
0.099409893
0.100916104
0.102610591
0.104116801
0.105811288
0.107317498
0.109011985
0.110518196
0.11334234
0.117860972
0.122379603
0.124638919
0.125015472
0.125580301
0.127086511
0.129910656
0.132734801
0.134429287
0.13480584
0.135558945
0.141395511
0.152127261
0.163047287
0.170201787
0.173025932
0.174532142
0.173967313
0.171143168
0.17057834
0.171707997
0.174155589
0.178109392
0.21086947
0.229697102
0.310655916
0.384083678
0.293711048
0.254173022
0.267352364
0.252290259
0.263586838
0.257938549
0.291828285
0.318186969
0.30689039
0.327600784
0.301242101
0.278648943
0.261704075
0.274883417
0.267352364
0.242876444
0.259821312
0.240993681
0.237228154
0.250407496
0.321952495
0.310655916
0.303124864
0.329483548
0.357724995
0.385966441
0.310655916
0.321952495
0.256055786
0.248524733
0.252290259
0.291828285
0.318186969
0.325718021
0.254173022
0.250407496
0.239110917
0.222166049
0.207103944
0.21086947
0.227814339
0.289945522
0.338897363
0.34266289
0.30689039
0.299359338
0.329483548
0.387849205
0.344545653
0.370904336
0.480104598
0.694739595
0.672146437
0.510228808
0.540353018
0.664615385
0.749339725
0.525290913
0.370904336
0.399145783
0.525290913
0.604366964
0.40291131
0.359607758
0.352076705
0.421738941
0.472573545
0.615663543
0.7098017
0.788877751
1.425251689
1.538217477
0.873602092
0.504580519
0.406676836
0.442449335
0.542235781
0.6740292
0.898078013
0.651436043
0.521525387
0.542235781
0.489518414
0.459394204
0.461276967
0.843477882
0.632608411
1.31793419
2.071039442
1.739673131
1.634238396
1.044933537
0.971505775
0.837829593
1.47420353
1.617293528
1.220030508
1.240740902
1.165430377
0.92067117
0.941381565
0.916905644
0.783229462
0.706036173
0.835946829
0.854774461
1.366886032
1.067526694
0.77005012
0.689091305
0.653318806
0.568594465
0.549766834
1.250154718
1.818749183
1.067526694
0.753105252
0.660849858
0.617546306
0.585539333
0.58365657
0.658967095
1.035519721
1.204968403
1.769797341
1.148485509
0.792643277
0.658967095
0.602484201
0.687208542
0.835946829
1.027988669
1.300989322
0.960209196
0.756870778
0.634491175
0.576125518
0.549766834
0.530939202
0.49328394
0.480104598
0.461276967
0.504580519
0.579891044
0.555415123
0.521525387
0.478221835
0.448097625
0.446214862
0.414207888
0.393497494
0.384083678
0.3727871
0.363373284
0.449980388
0.598718675
0.525290913
0.476339072
0.440566572
0.406676836
0.385966441
0.370904336
0.472573545
0.459394204
0.470690782
0.521525387
0.589304859
0.594953149
0.551649597
0.504580519
0.472573545
0.421738941
0.40291131
0.389731968
0.378435389
0.363373284
0.346428416
0.335131837
0.34266289
0.333249074
0.316304206
0.312538679
0.305007627
0.297476574
0.301242101
0.308773153
0.299359338
0.282414469
0.271117891
0.271117891
0.263586838
0.261704075
0.263586838
0.263586838
0.248524733
0.231579865
0.225931576
0.240993681
0.229697102
0.240993681
0.239110917
0.233462628
0.229697102
0.231579865
0.229697102
0.222166049
0.218400523
0.212752234
0.21086947
0.214634997
0.225931576
0.203338418
0.214634997
0.212752234
0.212752234
0.208986707
0.235345391
0.233462628
0.224048812
0.212752234
0.212752234
0.21086947
0.218400523
0.192041839
0.192041839
0.193924602
0.180933537
0.18074526
0.173214208
0.17057834
0.164365221
0.159281761
0.154951406
0.133111353
0.148361735
0.159093484
0.172461103
0.173967313
0.170013511
0.181498366
0.180556984
0.174155589
0.169636958
0.123509261
0.131605143
0.142525169
0.156834169
0.1613528
0.169260405
0.172461103
0.178109392
0.183757681
0.188276313
0.138947919
0.093008499
0.092820222
0.09244367
0.092067117
0.091878841
0.091502288
0.091125735
0.090937459
0.094702985
0.112589235
0.105434735
0.069473959
0.058930486
0.070038788
0.057047723
0.053282197
0.054600131
0.055729789
0.056859447
0.058177381
0.059307039
0.060436696
0.061378078
0.06231946
0.063260841
0.06382567
0.062131183
0.059683591
0.057424275
0.05516496
0.052717368
0.050646328
0.049893223
0.049704947
0.04951667
0.049328394
0.049140118
0.049328394
0.049328394
0.04951667
0.049704947
0.050081499
0.050646328
0.051211157
0.051775986
0.052340815
0.05309392
0.056294618
0.059871868
0.063637394
0.06740292
0.07098017
0.075310525
0.085100893
0.096585749
0.108070604
0.119367182
0.130852037
0.141583787
0.146667248
0.150244498
0.154010024
0.157587274
0.1613528
0.164365221
0.161729353
0.157587274
0.153445195
0.14911484
0.144972761
0.141018958
0.138759643
0.136876879
0.135182393
0.13329963
0.131605143
0.130098932
0.132169972
0.134994116
0.137818261
0.139889301
0.141583787
0.14346655
0.145161037
0.147420353
0.153068642
0.158152103
0.150056221
0.139136195
0.129157551
0.129910656
0.13329963
0.136688603
0.140077577
0.141583787
0.126709959
0.113718893
0.122003051
0.132358248
0.142713445
0.153068642
0.161729353
0.161541076
0.160223142
0.163047287
0.16700109
0.170954892
0.174532142
0.175285247
0.175285247
0.175285247
0.175285247
0.185452168
0.195807365
0.190159076
0.173025932
0.184887339
0.231579865
0.225931576
0.252290259
0.21651776
0.237228154
0.203338418
0.267352364
0.312538679
0.338897363
0.357724995
0.438683809
0.414207888
0.280531706
0.282414469
0.301242101
0.263586838
0.271117891
0.269235127
0.252290259
0.244759207
0.224048812
0.220283286
0.205221181
0.220283286
0.242876444
0.284297233
0.231579865
0.197690129
0.203338418
0.199572892
0.197690129
0.195807365
0.21086947
0.21086947
0.193924602
0.205221181
0.231579865
0.218400523
0.261704075
0.261704075
0.256055786
0.369021573
0.448097625
0.387849205
0.478221835
0.421738941
0.446214862
0.436801046
0.353959468
0.521525387
0.521525387
0.446214862
0.3727871
0.417973415
0.419856178
0.408559599
0.481987361
0.538470255
0.593070386
0.557297886
0.58365657
0.465042493
0.530939202
0.566711702
0.574242754
0.594953149
0.593070386
0.647670516
0.574242754
0.506463282
0.534704729
0.777581172
1.481734583
1.438431031
0.743691436
0.604366964
0.585539333
0.596835912
0.61378078
0.807705382
0.762519067
0.596835912
0.474456309
0.40291131
0.406676836
0.519642624
0.888664197
2.353453912
1.856404445
3.294835476
2.03338418
1.404541294
1.018574853
1.340527348
2.146349967
2.18400523
2.842972325
2.974765744
1.590934844
1.116478536
1.007278274
0.98091959
0.994098932
2.353453912
1.803687078
1.037402484
0.86042275
0.762519067
0.771932883
0.869836566
0.89054696
1.150368272
0.837829593
0.83029854
0.768167357
0.898078013
1.69072129
1.790507736
2.03338418
2.428764437
3.294835476
2.485247331
1.858287209
1.626707344
1.440313794
1.310403138
1.103299194
0.975271301
1.794273262
1.581521029
1.122126825
0.960209196
0.826533014
0.975271301
1.035519721
0.879250381
0.758753541
0.694739595
0.634491175
0.594953149
0.566711702
0.532821966
0.549766834
0.623194596
0.585539333
0.549766834
0.521525387
0.498932229
0.465042493
0.449980388
0.444332098
0.43303552
0.419856178
0.45751144
0.414207888
0.385966441
0.376552626
0.36713881
0.387849205
0.369021573
0.359607758
0.348311179
0.333249074
0.357724995
0.344545653
0.331366311
0.327600784
0.329483548
0.344545653
0.333249074
0.329483548
0.353959468
0.331366311
0.320069732
0.316304206
0.308773153
0.297476574
0.299359338
0.299359338
0.308773153
0.30689039
0.284297233
0.27676618
0.271117891
0.261704075
0.265469601
0.254173022
0.250407496
0.248524733
0.267352364
0.244759207
0.237228154
0.252290259
0.235345391
0.244759207
0.225931576
0.218400523
0.218400523
0.214634997
0.222166049
0.224048812
0.224048812
0.231579865
0.229697102
0.214634997
0.201455655
0.195807365
0.197690129
0.193924602
0.1828163
0.18074526
0.185075616
0.183192852
0.186016997
0.186205273
0.178674221
0.176226629
0.167565919
0.166436261
0.16342384
0.159281761
0.161917629
0.157587274
0.150432774
0.145914143
0.146102419
0.146102419
0.146290695
0.146290695
0.146290695
0.146478971
0.146478971
0.146667248
0.146478971
0.145349314
0.144031379
0.142525169
0.141207235
0.139889301
0.13838309
0.137065156
0.135935498
0.13480584
0.133864458
0.132734801
0.131605143
0.130663761
0.129534103
0.128592722
0.127086511
0.123885814
0.120120288
0.116354761
0.112589235
0.109576814
0.113154064
0.118237525
0.122944432
0.125580301
0.11334234
0.10825888
0.105811288
0.102987143
0.100351275
0.097715406
0.094891262
0.092255393
0.089807801
0.088113314
0.086607104
0.085100893
0.083594683
0.082088472
0.080582262
0.079076051
0.077569841
0.07606363
0.07455742
0.073616038
0.072862933
0.072109828
0.071356723
0.070415341
0.069662236
0.068909131
0.068156025
0.067214644
0.066461538
0.065708433
0.064767052
0.064013946
0.063072565
0.06231946
0.062507736
0.062884289
0.063260841
0.06382567
0.064202223
0.064955328
0.065520157
0.066273262
0.067026367
0.069097407
0.084159512
0.101292656
0.106376117
0.107505775
0.108635433
0.10976509
0.110894748
0.112024406
0.114660275
0.117484419
0.12049684
0.123320985
0.125580301
0.120873393
0.114471998
0.10825888
0.101857485
0.095832643
0.094891262
0.096209196
0.097715406
0.099033341
0.100351275
0.101669209
0.102987143
0.104305077
0.105623012
0.107129222
0.109200261
0.111271301
0.113530617
0.115789932
0.117860972
0.118614077
0.119178906
0.119743735
0.120308564
0.120873393
0.121438222
0.122191327
0.126521682
0.131793419
0.137065156
0.142525169
0.147796906
0.153068642
0.158340379
0.164365221
0.178297668
0.193924602
0.208986707
0.231579865
0.297476574
0.34266289
0.323835258
0.301242101
0.220283286
0.190159076
0.145161037
0.167189366
0.165871432
0.192041839
0.222166049
0.237228154
0.244759207
0.235345391
0.21651776
0.21086947
0.203338418
0.205221181
0.207103944
0.190159076
0.183004576
0.193924602
0.195807365
0.254173022
0.365256047
0.461276967
0.380318152
0.229697102
0.212752234
0.225931576
0.220283286
0.259821312
0.265469601
0.267352364
0.318186969
0.384083678
0.254173022
0.261704075
0.274883417
0.344545653
0.338897363
0.299359338
0.312538679
0.316304206
0.293711048
0.305007627
0.286179996
0.254173022
0.250407496
0.225931576
0.21086947
0.220283286
0.224048812
0.227814339
0.218400523
0.242876444
0.271117891
0.293711048
0.286179996
0.271117891
0.346428416
0.374669863
0.348311179
0.510228808
0.468808019
0.39726302
0.446214862
0.481987361
0.527173676
0.687208542
0.971505775
0.668380911
0.615663543
0.728629331
1.363120506
1.116478536
0.64955328
0.578008281
0.485752887
0.378435389
0.321952495
0.303124864
0.359607758
0.64955328
1.084471562
1.184258008
1.216264981
1.005395511
0.898078013
0.824650251
1.225678797
1.771680105
2.409936805
1.741555895
1.078823273
1.112713009
1.331113532
1.526920898
1.148485509
0.962091959
0.931967749
0.852891698
0.903726302
1.348058401
0.792643277
0.675911963
0.728629331
0.794526041
0.658967095
0.581773807
1.624824581
1.995728917
1.408306821
1.511858793
1.244506428
0.995981695
0.807705382
0.743691436
0.689091305
0.61942907
0.587422096
0.557297886
0.52340815
0.491401177
0.476339072
0.468808019
0.465042493
0.466925256
0.653318806
0.660849858
0.532821966
0.465042493
0.440566572
0.42738723
0.416090652
0.835946829
1.240740902
1.048699063
0.754988015
0.773815646
0.773815646
0.647670516
0.555415123
0.500814992
0.465042493
0.444332098
0.465042493
0.449980388
0.438683809
0.446214862
0.849126171
0.721098278
0.546001307
0.480104598
0.461276967
0.474456309
0.468808019
0.46315973
0.440566572
0.416090652
0.406676836
0.52340815
0.651436043
0.666498148
0.596835912
0.530939202
0.498932229
0.474456309
0.442449335
0.410442362
0.404794073
0.442449335
0.440566572
0.438683809
0.401028547
0.36713881
0.353959468
0.346428416
0.333249074
0.321952495
0.318186969
0.308773153
0.299359338
0.293711048
0.297476574
0.301242101
0.308773153
0.303124864
0.280531706
0.271117891
0.267352364
0.261704075
0.259821312
0.263586838
0.263586838
0.248524733
0.201455655
0.218400523
0.240993681
0.239110917
0.235345391
0.225931576
0.225931576
0.231579865
0.220283286
0.21086947
0.220283286
0.208986707
0.207103944
0.224048812
0.208986707
0.197690129
0.165494879
0.14196034
0.132169972
0.131040314
0.131981695
0.132923077
0.133864458
0.134429287
0.131981695
0.128969274
0.12614513
0.123132709
0.120120288
0.117484419
0.117484419
0.118049248
0.118614077
0.119178906
0.119743735
0.120308564
0.120873393
0.121438222
0.122003051
0.12256788
0.122944432
0.123509261
0.12407409
0.124638919
0.122003051
0.108070604
0.093196775
0.07813467
0.065331881
0.067026367
0.071168446
0.075122249
0.079076051
0.082653301
0.084159512
0.084912617
0.085853999
0.08679538
0.087736762
0.088489867
0.086983657
0.085100893
0.083029854
0.081335367
0.079452604
0.077381565
0.075687078
0.074745696
0.078887775
0.083594683
0.085477446
0.065520157
0.044244934
0.043303552
0.04085596
0.04085596
0.044244934
0.054411854
0.065143604
0.075687078
0.086042275
0.088489867
0.084724341
0.080582262
0.076251907
0.072109828
0.067967749
0.06382567
0.059871868
0.059683591
0.062884289
0.066084986
0.069473959
0.072674657
0.075875354
0.076440183
0.07455742
0.072674657
0.070603617
0.068720854
0.066838091
0.067967749
0.072298104
0.076628459
0.080770538
0.082653301
0.082276749
0.081900196
0.081335367
0.080770538
0.079264328
0.076816736
0.074369144
0.071921552
0.069473959
0.067779473
0.066649815
0.065708433
0.064767052
0.063637394
0.063072565
0.062696012
0.062131183
0.061754631
0.061378078
0.060813249
0.060436696
0.059871868
0.05874221
0.057047723
0.055353236
0.053470473
0.051775986
0.050081499
0.050081499
0.051775986
0.053470473
0.05516496
0.056859447
0.05874221
0.060436696
0.062131183
0.06382567
0.065520157
0.067026367
0.068720854
0.070227065
0.071733275
0.073427762
0.074933973
0.076628459
0.079076051
0.082088472
0.08528917
0.088301591
0.091502288
0.094702985
0.097715406
0.102610591
0.108823709
0.115225104
0.121626498
0.128027893
0.134429287
0.140830682
0.147232077
0.157963827
0.172461103
0.187146655
0.201455655
0.21651776
0.233462628
0.248524733
0.265469601
0.282414469
0.269235127
0.235345391
0.197690129
0.160599695
0.123697538
0.087548486
0.057989104
0.139324472
0.197690129
0.195807365
0.208986707
0.203338418
0.187523208
0.168883853
0.160787971
0.193924602
0.197690129
0.208986707
0.21651776
0.24664197
0.21651776
0.233462628
0.24664197
0.280531706
0.263586838
0.259821312
0.27676618
0.239110917
0.320069732
0.470690782
0.436801046
0.325718021
0.231579865
0.220283286
0.207103944
0.205221181
0.220283286
0.222166049
0.192041839
0.173025932
0.192041839
0.229697102
0.218400523
0.214634997
0.225931576
0.254173022
0.240993681
0.244759207
0.227814339
0.248524733
0.250407496
0.224048812
0.250407496
0.284297233
0.303124864
0.466925256
0.419856178
0.274883417
0.224048812
0.203338418
0.201455655
0.212752234
0.318186969
0.412325125
0.46315973
0.417973415
0.344545653
0.393497494
0.557297886
0.468808019
0.440566572
0.42738723
0.39726302
0.355842231
0.301242101
0.393497494
0.3727871
0.359607758
0.448097625
0.331366311
0.269235127
0.261704075
0.256055786
0.233462628
0.235345391
0.233462628
0.225931576
0.225931576
0.256055786
0.374669863
0.77005012
0.963974722
1.743438658
2.428764437
1.562693397
1.044933537
1.101416431
1.186140771
0.905609065
0.683443016
0.540353018
0.747456962
0.7098017
0.546001307
0.468808019
0.436801046
0.476339072
4.198561778
2.955938113
1.920418392
2.824144694
3.068903901
1.958073654
1.319816954
0.997864458
0.852891698
0.775698409
0.747456962
0.76440183
0.928202223
1.860169972
1.66059708
0.995981695
0.866071039
0.813353672
0.756870778
0.694739595
0.64955328
0.600601438
0.561063413
0.529056439
0.527173676
0.551649597
0.549766834
0.527173676
0.6740292
0.677794727
0.615663543
0.658967095
0.785112225
0.743691436
0.975271301
1.421486163
1.221913271
1.939246023
1.752852473
1.880880366
2.673523643
2.899455219
2.259315755
1.641769449
1.300989322
1.122126825
1.075057747
0.939498801
0.899960776
0.928202223
0.967740248
1.131540641
1.289692744
1.191789061
1.073174984
0.990333406
0.89054696
0.835946829
0.790760514
0.73992591
0.685325779
0.64955328
0.630725648
0.600601438
0.585539333
0.579891044
0.562946176
0.530939202
0.513994334
0.513994334
0.538470255
0.527173676
0.510228808
0.497049466
0.48763565
0.474456309
0.466925256
0.472573545
0.465042493
0.46315973
0.461276967
0.455628677
0.455628677
0.451863151
0.442449335
0.442449335
0.434918283
0.412325125
0.406676836
0.408559599
0.406676836
0.40291131
0.395380257
0.378435389
0.374669863
0.299359338
0.289945522
0.280531706
0.271117891
0.263586838
0.254173022
0.24664197
0.240993681
0.242876444
0.24664197
0.250407496
0.254173022
0.257938549
0.259821312
0.250407496
0.239110917
0.225931576
0.214634997
0.203338418
0.190159076
0.190159076
0.193924602
0.197690129
0.201455655
0.205221181
0.208986707
0.201455655
0.195807365
0.188276313
0.181310089
0.174155589
0.166436261
0.158528655
0.15062105
0.142713445
0.13480584
0.126709959
0.118802353
0.111647854
0.110141643
0.10976509
0.109576814
0.109200261
0.109011985
0.108635433
0.108447156
0.10825888
0.107694051
0.10618784
0.104305077
0.102422314
0.100539551
0.098656788
0.096774025
0.094891262
0.093196775
0.091125735
0.086230551
0.080958815
0.076251907
0.07248638
0.074180867
0.073616038
0.060060144
0.041985618
0.034642842
0.037466986
0.04085596
0.044244934
0.047633907
0.051022881
0.054411854
0.057800828
0.05874221
0.057800828
0.05667117
0.055541512
0.054411854
0.053282197
0.055541512
0.060436696
0.065331881
0.070415341
0.075498801
0.080582262
0.085477446
0.090560907
0.095456091
0.097903683
0.096962301
0.09602092
0.095079538
0.094138156
0.089807801
0.08321813
0.076628459
0.069850512
0.063449117
0.062884289
0.065520157
0.068344302
0.07098017
0.073804315
0.076440183
0.079264328
0.08171192
0.079829157
0.075122249
0.070415341
0.065708433
0.061001525
0.056482894
0.052152539
0.055353236
0.063637394
0.072109828
0.080582262
0.089054696
0.097338854
0.100727827
0.099974722
0.099033341
0.097903683
0.096962301
0.09602092
0.094891262
0.09394988
0.093008499
0.092067117
0.091125735
0.092067117
0.094891262
0.097715406
0.100539551
0.103363696
0.105999564
0.108823709
0.107505775
0.102234038
0.096774025
0.091502288
0.086230551
0.089054696
0.099409893
0.110141643
0.120685117
0.131416866
0.139324472
0.062131183
0.15269209
0.207103944
0.205221181
0.183381129
0.185828721
0.185640445
0.190159076
0.169072129
0.171143168
0.166812813
0.182439747
0.1828163
0.167189366
0.176414905
0.178297668
0.172649379
0.169448682
0.168883853
0.147796906
0.214634997
0.406676836
0.540353018
0.662732621
0.387849205
0.224048812
0.359607758
0.355842231
0.335131837
0.352076705
0.286179996
0.310655916
0.321952495
0.348311179
0.408559599
0.448097625
0.429269993
0.481987361
0.628842885
0.515877097
0.370904336
0.361490521
0.318186969
0.361490521
0.357724995
0.355842231
0.410442362
0.404794073
0.393497494
0.348311179
0.361490521
0.43303552
0.412325125
0.391614731
0.434918283
0.442449335
0.369021573
0.429269993
0.513994334
0.559180649
0.604366964
0.621311833
0.677794727
0.694739595
0.664615385
0.67967749
0.564828939
0.483870124
0.461276967
0.453745914
0.591187623
0.434918283
0.380318152
0.401028547
0.401028547
0.434918283
0.451863151
0.429269993
0.448097625
0.529056439
0.512111571
0.672146437
0.672146437
1.805569841
1.248271955
0.572359991
0.466925256
0.478221835
0.453745914
0.55353236
0.534704729
0.538470255
0.510228808
0.747456962
0.911257355
0.73992591
0.717332752
1.613528002
2.730006537
2.259315755
1.461024188
1.108947483
1.169195903
2.7676618
1.958073654
1.063761168
0.824650251
0.677794727
0.617546306
0.587422096
0.728629331
0.786994988
0.606249728
0.610015254
0.608132491
0.593070386
0.574242754
0.570477228
0.719215515
0.98091959
0.92067117
0.888664197
3.614905208
3.106559163
1.794273262
1.573989976
1.47420353
1.069409457
0.83029854
0.711684463
0.64955328
0.64955328
0.773815646
1.157899324
0.916905644
0.969623012
1.26333406
1.154133798
0.837829593
0.73992591
0.675911963
0.647670516
0.610015254
0.615663543
1.44972761
2.165177599
1.572107213
4.123251253
9.978644585
4.480976248
4.066768359
5.045805186
2.824144694
2.315798649
2.014556548
1.662479843
1.363120506
1.210616692
1.455375899
1.483617346
1.432782741
1.267099586
1.171078666
1.039285247
0.98656788
0.918788407
0.847243408
0.798291567
0.766284594
0.736160384
0.70415341
0.690974068
0.668380911
0.638256701
0.623194596
0.61378078
0.604366964
0.589304859
0.579891044
0.557297886
0.547884071
0.530939202
0.529056439
0.521525387
0.515877097
0.519642624
0.517759861
0.515877097
0.515877097
0.502697756
0.491401177
0.491401177
0.497049466
0.498932229
0.48763565
0.483870124
0.489518414
0.481987361
0.466925256
0.472573545
0.453745914
0.449980388
0.451863151
0.45751144
0.449980388
0.453745914
0.448097625
0.429269993
0.431152757
0.429269993
0.408559599
0.401028547
0.401028547
0.408559599
0.404794073
0.395380257
0.385966441
0.414207888
0.406676836
0.393497494
0.389731968
0.406676836
0.40291131
0.387849205
0.393497494
0.385966441
0.385966441
0.370904336
0.370904336
0.374669863
0.365256047
0.357724995
0.353959468
0.348311179
0.350193942
0.335131837
0.30689039
0.34266289
0.353959468
0.359607758
0.323835258
0.224048812
0.201455655
0.185828721
0.170766616
0.155892787
0.142525169
0.144031379
0.148926564
0.153633471
0.158340379
0.163235563
0.165683155
0.157022445
0.146478971
0.136123774
0.125768577
0.115978209
0.110329919
0.105246459
0.100351275
0.095267814
0.09037263
0.08528917
0.080393986
0.075310525
0.070791894
0.068909131
0.067214644
0.065708433
0.064202223
0.062507736
0.060624973
0.057424275
0.054035302
0.050458052
0.046880802
0.043491828
0.043303552
0.057047723
0.046315973
0.046880802
0.047633907
0.048198736
0.048951841
0.049704947
0.050458052
0.051022881
0.051022881
0.051022881
0.050834604
0.050646328
0.050646328
0.050458052
0.051022881
0.05158771
0.052152539
0.052717368
0.053470473
0.054035302
0.054600131
0.05516496
0.055729789
0.056294618
0.056859447
0.057424275
0.05667117
0.055729789
0.054600131
0.053658749
0.052717368
0.05158771
0.050646328
0.049704947
0.048575289
0.047633907
0.046692526
0.045562868
0.044621486
0.043680105
0.042738723
0.042738723
0.042926999
0.043115276
0.043115276
0.043303552
0.043491828
0.043680105
0.043868381
0.044056657
0.044056657
0.044244934
0.04443321
0.045186315
0.046127697
0.046880802
0.047633907
0.048575289
0.049328394
0.050081499
0.051022881
0.051775986
0.052529091
0.053847025
0.059495315
0.066084986
0.072862933
0.079452604
0.086042275
0.092820222
0.099409893
0.105999564
0.112589235
0.119367182
0.125956853
0.132546524
0.139324472
0.145914143
0.152503813
0.159281761
0.165871432
0.172461103
0.17923905
0.185452168
0.188276313
0.190159076
0.192041839
0.193924602
0.195807365
0.197690129
0.203338418
0.207103944
0.21086947
0.214634997
0.208986707
0.199572892
0.192041839
0.181874918
0.170013511
0.157963827
0.151185879
0.16493005
0.165683155
0.174532142
0.21086947
0.248524733
0.24664197
0.284297233
0.314421443
0.229697102
0.229697102
0.239110917
0.207103944
0.203338418
0.220283286
0.224048812
0.240993681
0.254173022
0.254173022
0.305007627
0.369021573
0.346428416
0.384083678
0.395380257
0.485752887
0.515877097
0.465042493
0.453745914
0.468808019
0.461276967
0.434918283
0.338897363
0.289945522
0.338897363
0.369021573
0.36713881
0.382200915
0.502697756
0.3727871
0.318186969
0.291828285
0.301242101
0.448097625
0.52340815
0.596835912
0.425504467
0.318186969
0.273000654
0.261704075
0.244759207
0.240993681
0.237228154
0.231579865
0.239110917
0.280531706
0.359607758
0.404794073
0.579891044
0.598718675
0.491401177
0.384083678
0.382200915
0.461276967
0.572359991
0.621311833
0.640139464
0.574242754
0.594953149
0.476339072
0.468808019
0.40291131
0.365256047
0.431152757
0.472573545
0.513994334
0.527173676
0.700387884
1.276513402
1.129657878
0.851008934
0.915022881
1.220030508
1.605996949
1.771680105
1.656831554
1.562693397
1.024223142
0.864188276
0.76440183
0.585539333
0.497049466
0.515877097
0.513994334
0.52340815
1.447844846
1.19743735
1.920418392
1.766031815
1.28780998
0.979036827
0.803939856
0.690974068
0.61942907
0.585539333
0.64390499
1.01669209
1.624824581
1.319816954
1.13718893
0.869836566
0.847243408
0.864188276
0.794526041
0.621311833
0.640139464
0.736160384
1.393244716
2.33462628
2.052211811
1.624824581
1.125892351
0.928202223
0.80017433
0.794526041
0.822767487
1.092002615
1.206851166
1.084471562
0.916905644
0.777581172
0.702270647
0.660849858
0.647670516
0.566711702
0.498932229
0.476339072
0.453745914
0.440566572
0.446214862
0.508346045
0.536587492
1.012926564
1.455375899
1.140954456
0.858539987
0.689091305
0.587422096
0.527173676
0.474456309
0.448097625
0.43303552
0.446214862
0.485752887
0.510228808
0.555415123
0.574242754
0.542235781
0.483870124
0.442449335
0.416090652
0.380318152
0.370904336
0.363373284
0.350193942
0.335131837
0.325718021
0.312538679
0.293711048
0.289945522
0.291828285
0.289945522
0.288062759
0.289945522
0.288062759
0.280531706
0.27676618
0.273000654
0.273000654
0.267352364
0.265469601
0.265469601
0.263586838
0.256055786
0.254173022
0.248524733
0.244759207
0.24664197
0.248524733
0.240993681
0.237228154
0.237228154
0.227814339
0.225931576
0.227814339
0.237228154
0.242876444
0.235345391
0.233462628
0.225931576
0.225931576
0.222166049
0.222166049
0.218400523
0.218400523
0.218400523
0.214634997
0.214634997
0.220283286
0.220283286
0.220283286
0.212752234
0.205221181
0.205221181
0.195807365
0.185640445
0.175850076
0.166059708
0.155704511
0.136876879
0.112400959
0.110141643
0.124827195
0.140077577
0.154951406
0.159470037
0.156834169
0.153821748
0.150432774
0.146667248
0.142901722
0.143278274
0.146478971
0.149867945
0.152880366
0.15062105
0.144784485
0.138947919
0.133111353
0.127274788
0.12049684
0.112777511
0.105246459
0.09752713
0.089996078
0.082653301
0.081900196
0.086042275
0.09037263
0.094891262
0.099221617
0.100162998
0.099221617
0.098280235
0.097338854
0.096397472
0.095267814
0.088489867
0.077758117
0.066649815
0.055729789
0.04593942
0.050646328
0.051022881
0.050646328
0.050081499
0.048387012
0.051211157
0.058365657
0.066084986
0.073427762
0.077005012
0.079829157
0.082653301
0.085477446
0.087360209
0.083782959
0.079076051
0.074745696
0.070227065
0.06589671
0.062884289
0.060060144
0.057612552
0.054976683
0.052340815
0.049704947
0.047069078
0.044621486
0.042550447
0.04443321
0.047445631
0.050269776
0.05309392
0.055918065
0.05874221
0.061566354
0.064955328
0.068532578
0.071921552
0.075310525
0.078887775
0.082276749
0.08528917
0.084536065
0.08321813
0.08171192
0.080393986
0.078887775
0.077569841
0.076251907
0.075122249
0.076251907
0.077758117
0.079264328
0.080770538
0.082276749
0.083782959
0.08528917
0.08679538
0.087925038
0.08528917
0.08171192
0.07813467
0.07455742
0.070791894
0.067214644
0.06382567
0.062507736
0.061942907
0.061189802
0.060436696
0.059683591
0.058930486
0.058177381
0.057424275
0.05667117
0.054976683
0.05309392
0.051022881
0.049328394
0.047445631
0.045374591
0.043491828
0.041609065
0.039726302
0.03878492
0.04593942
0.05516496
0.064202223
0.073427762
0.082653301
0.093761604
0.121438222
0.153445195
0.185640445
0.218400523
0.250407496
0.263586838
0.265469601
0.314421443
0.318186969
0.310655916
0.314421443
0.293711048
0.250407496
0.239110917
0.267352364
0.27676618
0.254173022
0.229697102
0.220283286
0.273000654
0.291828285
0.278648943
0.286179996
0.293711048
0.278648943
0.286179996
0.244759207
0.254173022
0.301242101
0.380318152
0.370904336
0.286179996
0.267352364
0.254173022
0.259821312
0.273000654
0.291828285
0.310655916
0.323835258
0.286179996
0.419856178
0.308773153
0.316304206
0.369021573
0.348311179
0.352076705
0.423621704
0.412325125
0.353959468
0.431152757
0.657084332
0.568594465
0.807705382
0.856657224
0.64955328
0.361490521
0.30689039
0.271117891
0.252290259
0.271117891
0.286179996
0.333249074
0.399145783
0.45751144
0.472573545
0.559180649
0.608132491
0.540353018
0.562946176
0.576125518
0.642022227
0.884898671
1.088237089
0.901843539
1.31793419
0.984685117
1.052464589
1.35370669
2.485247331
1.702017869
1.069409457
0.690974068
0.587422096
0.529056439
0.500814992
0.581773807
0.856657224
1.13718893
1.150368272
0.879250381
0.692856832
0.626960122
0.762519067
1.632355633
1.334879059
0.805822619
0.851008934
3.087731532
3.276007845
1.843225104
1.157899324
1.044933537
1.389479189
2.541730224
2.089867073
1.81121813
1.300989322
2.899455219
4.51863151
4.066768359
2.18400523
1.438431031
1.146602746
1.124009588
1.845107867
2.146349967
1.402658531
1.067526694
0.969623012
1.709548921
1.280278928
0.999747222
0.92067117
0.984685117
0.960209196
0.869836566
0.80017433
1.073174984
1.278396165
1.285927217
1.41395511
1.214382218
1.525038135
1.78674221
1.429017215
1.438431031
1.25768577
1.23320985
2.03338418
1.863935498
1.447844846
1.154133798
0.994098932
1.741555895
2.711178906
1.854521682
1.445962083
2.108694705
2.428764437
1.455375899
1.675659185
1.410189584
1.253920244
1.086354326
0.933850512
0.888664197
0.834064066
0.766284594
0.7098017
0.792643277
0.794526041
0.664615385
0.606249728
0.568594465
0.562946176
0.55353236
0.905609065
1.813100893
1.839459577
1.536334713
1.321699717
2.842972325
2.447592068
1.617293528
1.366886032
1.092002615
0.988450643
0.871719329
0.803939856
0.73427762
0.700387884
0.647670516
0.664615385
0.626960122
0.564828939
0.532821966
0.559180649
0.626960122
0.602484201
0.578008281
0.521525387
0.500814992
0.478221835
0.459394204
0.444332098
0.442449335
0.438683809
0.465042493
0.440566572
0.399145783
0.382200915
0.376552626
0.350193942
0.361490521
0.355842231
0.335131837
0.34266289
0.321952495
0.305007627
0.295593811
0.269235127
0.237228154
0.293711048
0.320069732
0.299359338
0.27676618
0.250407496
0.263586838
0.240993681
0.248524733
0.259821312
0.254173022
0.239110917
0.244759207
0.235345391
0.233462628
0.235345391
0.227814339
0.225931576
0.233462628
0.257938549
0.257938549
0.235345391
0.224048812
0.222166049
0.212752234
0.203338418
0.193924602
0.190159076
0.18789976
0.185263892
0.1828163
0.183945958
0.185452168
0.187146655
0.188276313
0.190159076
0.192041839
0.190159076
0.18789976
0.185828721
0.183945958
0.182439747
0.183192852
0.18432251
0.184887339
0.184134234
0.183004576
0.182063195
0.180933537
0.179992155
0.178862497
0.176603182
0.167942471
0.158528655
0.149303116
0.139889301
0.130475485
0.121061669
0.111647854
0.103175419
0.099221617
0.096209196
0.093008499
0.090184354
0.091125735
0.096209196
0.085100893
0.073051209
0.06740292
0.064578775
0.062131183
0.059683591
0.057424275
0.054976683
0.052529091
0.050269776
0.047633907
0.042550447
0.036713881
0.031065592
0.025229026
0.0214635
0.024664197
0.028429723
0.032006973
0.035772499
0.039538026
0.043303552
0.047069078
0.050834604
0.054411854
0.055353236
0.055918065
0.056482894
0.057047723
0.057612552
0.057989104
0.058553933
0.059118762
0.059683591
0.06024842
0.060624973
0.061189802
0.061754631
0.06231946
0.062696012
0.063072565
0.063260841
0.063260841
0.063449117
0.063637394
0.06382567
0.06382567
0.064013946
0.064202223
0.064390499
0.064390499
0.064578775
0.064955328
0.067214644
0.070038788
0.072862933
0.075687078
0.078511222
0.080958815
0.078887775
0.075875354
0.072674657
0.069662236
0.066649815
0.064013946
0.061754631
0.059307039
0.056859447
0.054600131
0.052152539
0.049704947
0.047445631
0.044998039
0.042926999
0.044621486
0.047069078
0.04951667
0.051964262
0.054411854
0.056859447
0.059307039
0.061754631
0.064202223
0.066649815
0.069097407
0.071544999
0.073992591
0.076440183
0.078887775
0.081335367
0.083782959
0.086230551
0.088678143
0.091125735
0.093573328
0.09602092
0.098468512
0.101292656
0.107694051
0.115036827
0.122191327
0.128404445
0.134617564
0.142336893
0.16342384
0.184699063
0.197690129
0.205221181
0.203338418
0.195807365
0.208986707
0.212752234
0.231579865
0.235345391
0.224048812
0.21086947
0.164176945
0.165306603
0.176603182
0.193924602
0.195807365
0.208986707
0.207103944
0.182251471
0.195807365
0.21086947
0.207103944
0.21086947
0.208986707
0.218400523
0.233462628
0.250407496
0.222166049
0.207103944
0.199572892
0.224048812
0.239110917
0.233462628
0.199572892
0.197690129
0.205221181
0.203338418
0.186581826
0.179803879
0.181874918
0.180180431
0.183945958
0.205221181
0.224048812
0.21086947
0.248524733
0.254173022
0.261704075
0.299359338
0.280531706
0.327600784
0.611898017
0.521525387
0.982802353
0.826533014
0.811470909
0.753105252
0.758753541
1.101416431
1.525038135
1.718962737
0.862305513
1.231327087
0.7098017
0.532821966
0.448097625
0.542235781
0.42738723
0.348311179
0.325718021
0.314421443
0.331366311
0.3727871
0.568594465
0.466925256
0.77005012
0.785112225
1.026105905
0.636373938
0.495166703
0.449980388
1.012926564
2.560557856
2.33462628
1.216264981
1.033636958
1.632355633
1.843225104
1.332996295
0.979036827
0.963974722
3.068903901
4.123251253
3.031248638
2.899455219
2.03338418
1.451610373
1.099533667
0.899960776
0.849126171
0.962091959
0.994098932
0.86042275
1.044933537
0.866071039
0.73992591
0.6740292
0.64390499
0.6740292
0.668380911
0.617546306
0.664615385
1.59470037
2.146349967
1.547631292
1.065643931
0.894312486
0.738043147
0.653318806
0.963974722
2.03338418
1.304754849
1.773562868
1.958073654
2.504074962
2.146349967
1.25768577
0.990333406
0.832181303
0.719215515
0.645787753
0.589304859
0.566711702
0.546001307
0.506463282
0.459394204
0.444332098
0.436801046
0.49328394
0.48763565
0.466925256
0.43303552
0.46315973
0.666498148
0.55353236
0.519642624
0.717332752
0.689091305
1.027988669
1.005395511
1.029871432
0.89054696
0.760636304
0.681560253
0.596835912
0.540353018
0.491401177
0.468808019
0.45751144
0.425504467
0.395380257
0.380318152
0.355842231
0.335131837
0.321952495
0.310655916
0.289945522
0.278648943
0.271117891
0.284297233
0.301242101
0.340780126
0.348311179
0.333249074
0.303124864
0.278648943
0.293711048
0.308773153
0.299359338
0.267352364
0.257938549
0.256055786
0.257938549
0.263586838
0.252290259
0.24664197
0.254173022
0.252290259
0.24664197
0.239110917
0.233462628
0.231579865
0.235345391
0.229697102
0.218400523
0.214634997
0.218400523
0.220283286
0.224048812
0.201455655
0.195807365
0.21651776
0.205221181
0.205221181
0.205221181
0.205221181
0.208986707
0.205221181
0.197690129
0.195807365
0.197690129
0.193924602
0.192041839
0.179803879
0.181686642
0.17923905
0.155892787
0.16493005
0.157963827
0.157587274
0.151374156
0.154386577
0.175285247
0.152880366
0.17716801
0.192041839
0.208986707
0.171707997
0.158905208
0.160034866
0.148173458
0.141395511
0.144596208
0.122944432
0.099974722
0.098091959
0.095832643
0.086983657
0.090184354
0.087925038
0.10110438
0.099033341
0.088678143
0.085477446
0.082276749
0.079076051
0.075875354
0.072674657
0.069473959
0.066273262
0.063072565
0.059871868
0.056859447
0.054788407
0.052905644
0.051022881
0.049328394
0.047445631
0.045374591
0.043680105
0.041797341
0.041420789
0.051211157
0.052152539
0.050081499
0.048198736
0.046315973
0.04443321
0.04236217
0.040479407
0.038596644
0.036902157
0.036525605
0.036713881
0.036713881
0.036713881
0.036713881
0.036902157
0.036902157
0.036902157
0.037090434
0.037090434
0.03727871
0.037655263
0.037843539
0.038220092
0.038408368
0.03878492
0.038973197
0.039349749
0.039538026
0.039726302
0.038596644
0.037090434
0.035395947
0.033889736
0.032383526
0.030877315
0.029371105
0.027676618
0.026170407
0.024852473
0.025605579
0.026923513
0.028241447
0.029747657
0.031065592
0.032383526
0.03370146
0.035019394
0.036337328
0.037655263
0.037655263
0.03727871
0.037090434
0.036713881
0.036525605
0.036337328
0.035960776
0.035772499
0.035772499
0.038220092
0.041420789
0.04443321
0.047633907
0.050646328
0.053847025
0.056859447
0.060060144
0.063449117
0.069097407
0.075310525
0.081523643
0.087736762
0.09394988
0.100162998
0.106376117
0.112589235
0.118802353
0.125015472
0.130852037
0.134241011
0.137065156
0.139701024
0.142525169
0.145349314
0.148173458
0.150809327
0.153633471
0.156457616
0.159281761
0.162670734
0.171519721
0.181498366
0.192041839
0.201455655
0.212752234
0.222166049
0.231579865
0.240993681
0.240993681
0.239110917
0.237228154
0.235345391
0.233462628
0.231579865
0.227814339
0.225931576
0.224048812
0.222166049
0.220283286
0.218400523
0.214634997
0.214634997
0.227814339
0.225931576
0.222166049
0.24664197
0.256055786
0.222166049
0.203338418
0.231579865
0.235345391
0.231579865
0.278648943
0.265469601
0.244759207
0.267352364
0.263586838
0.259821312
0.250407496
0.261704075
0.239110917
0.263586838
0.297476574
0.291828285
0.286179996
0.242876444
0.242876444
0.240993681
0.237228154
0.244759207
0.254173022
0.242876444
0.242876444
0.242876444
0.265469601
0.224048812
0.224048812
0.222166049
0.256055786
0.289945522
0.325718021
0.378435389
0.562946176
0.858539987
0.92631946
0.852891698
2.221660492
1.445962083
0.694739595
0.529056439
0.489518414
0.393497494
0.389731968
1.276513402
1.16731314
0.628842885
0.43303552
0.376552626
0.357724995
0.316304206
0.301242101
0.310655916
0.346428416
0.594953149
0.625077359
0.869836566
1.385713663
2.146349967
1.75096971
0.888664197
0.574242754
0.491401177
1.018574853
1.583403792
0.745574199
0.566711702
0.561063413
1.169195903
0.726746568
0.547884071
0.472573545
0.421738941
0.408559599
0.404794073
0.376552626
0.365256047
0.378435389
0.444332098
1.359354979
1.112713009
0.722981042
0.668380911
0.657084332
0.871719329
0.960209196
1.075057747
0.922553933
1.858287209
2.089867073
1.715197211
0.931967749
0.700387884
0.77005012
0.788877751
0.675911963
0.640139464
0.771932883
1.436548268
1.19743735
0.809588146
0.642022227
0.561063413
0.510228808
0.468808019
0.562946176
0.766284594
0.687208542
0.884898671
0.884898671
0.692856832
0.570477228
0.566711702
0.95079538
1.212499455
0.945147091
0.879250381
1.549514055
1.585286555
1.159782088
0.796408804
0.672146437
0.608132491
0.544118544
0.485752887
0.636373938
0.696622358
0.777581172
0.677794727
0.594953149
0.532821966
0.48763565
0.461276967
0.466925256
0.508346045
0.532821966
0.570477228
0.562946176
0.559180649
0.546001307
0.525290913
0.513994334
0.483870124
0.46315973
0.421738941
0.408559599
0.408559599
0.442449335
0.519642624
0.572359991
0.566711702
0.579891044
0.566711702
0.542235781
0.536587492
0.491401177
0.46315973
0.446214862
0.42738723
0.406676836
0.393497494
0.380318152
0.36713881
0.369021573
0.36713881
0.365256047
0.365256047
0.365256047
0.365256047
0.365256047
0.355842231
0.353959468
0.344545653
0.34266289
0.3370146
0.320069732
0.293711048
0.288062759
0.261704075
0.250407496
0.248524733
0.24664197
0.225931576
0.21086947
0.203338418
0.199572892
0.201455655
0.203338418
0.203338418
0.207103944
0.21086947
0.21651776
0.224048812
0.237228154
0.220283286
0.218400523
0.201455655
0.205221181
0.21086947
0.227814339
0.212752234
0.207103944
0.208986707
0.205221181
0.197690129
0.197690129
0.195807365
0.183569405
0.176979734
0.170390063
0.163612116
0.157022445
0.151562432
0.156081063
0.163047287
0.169825234
0.176603182
0.183569405
0.190159076
0.197690129
0.203338418
0.21086947
0.218400523
0.224048812
0.214634997
0.203338418
0.192041839
0.181874918
0.170201787
0.154574853
0.138006537
0.121626498
0.105058183
0.088678143
0.072298104
0.057612552
0.055353236
0.055541512
0.055729789
0.055918065
0.056294618
0.056482894
0.056294618
0.054035302
0.051399433
0.051399433
